[gd_scene load_steps=29 format=3 uid="uid://c2jrxrxfi6r7d"]

[ext_resource type="Script" uid="uid://d4jcynbprdal7" path="res://character/scripts/character_model.gd" id="1_65fbn"]
[ext_resource type="Animation" uid="uid://ce7hynh76jyii" path="res://resources/animations/FightIdle.res" id="2_y220p"]
[ext_resource type="Animation" uid="uid://b61p8hej6r4my" path="res://resources/animations/Idle.res" id="3_yq1x2"]
[ext_resource type="Animation" uid="uid://bk7ft3p218mg7" path="res://resources/animations/Jump.res" id="4_ivyc5"]
[ext_resource type="Animation" uid="uid://cu6bybtp60uyd" path="res://resources/animations/Land.res" id="5_30u10"]
[ext_resource type="Animation" uid="uid://bf3ei6kwmeb0o" path="res://resources/animations/Punch1End.res" id="6_2pfil"]
[ext_resource type="Animation" uid="uid://c3mo7l6u7e686" path="res://resources/animations/Punch1Start.res" id="7_2cwkw"]
[ext_resource type="Animation" uid="uid://y86gc7fny3nn" path="res://resources/animations/Punch2Start.res" id="8_3ybyl"]
[ext_resource type="Animation" uid="uid://qtxw2lvop6hj" path="res://resources/animations/Run.res" id="9_2jlbv"]
[ext_resource type="Animation" uid="uid://ba5pxn68ci5ig" path="res://resources/animations/Walk.res" id="10_qq571"]
[ext_resource type="Animation" uid="uid://c26jqds7nt5si" path="res://resources/animations/_TPose.res" id="11_qvp1s"]
[ext_resource type="Animation" uid="uid://2alavoim88wc" path="res://resources/animations/Fall.res" id="12_yq1x2"]

[sub_resource type="BoxMesh" id="BoxMesh_nis8b"]
size = Vector3(0.2, 0.2, 1)

[sub_resource type="SphereShape3D" id="SphereShape3D_65fbn"]
radius = 0.1

[sub_resource type="SphereMesh" id="SphereMesh_nis8b"]
radius = 0.1
height = 0.2

[sub_resource type="SphereShape3D" id="SphereShape3D_4xcvv"]
radius = 0.1

[sub_resource type="SphereMesh" id="SphereMesh_mstlb"]
radius = 0.1
height = 0.2

[sub_resource type="CapsuleShape3D" id="CapsuleShape3D_nis8b"]
radius = 0.1
height = 0.4

[sub_resource type="CapsuleMesh" id="CapsuleMesh_b6qoi"]
radius = 0.07
height = 0.4

[sub_resource type="CapsuleShape3D" id="CapsuleShape3D_ldqqv"]
radius = 0.1
height = 0.4

[sub_resource type="AnimationLibrary" id="AnimationLibrary_vw83s"]
_data = {
&"Fall": ExtResource("12_yq1x2"),
&"FightIdle": ExtResource("2_y220p"),
&"Idle": ExtResource("3_yq1x2"),
&"Jump": ExtResource("4_ivyc5"),
&"Land": ExtResource("5_30u10"),
&"Punch1End": ExtResource("6_2pfil"),
&"Punch1Start": ExtResource("7_2cwkw"),
&"Punch2Start": ExtResource("8_3ybyl"),
&"Run": ExtResource("9_2jlbv"),
&"Walk": ExtResource("10_qq571"),
&"_TPose": ExtResource("11_qvp1s")
}

[sub_resource type="AnimationNodeAnimation" id="AnimationNodeAnimation_70xuj"]
animation = &"Idle"

[sub_resource type="AnimationNodeAnimation" id="AnimationNodeAnimation_65fbn"]
animation = &"Walk"

[sub_resource type="AnimationNodeAnimation" id="AnimationNodeAnimation_nis8b"]
animation = &"Run"

[sub_resource type="AnimationNodeBlendSpace1D" id="AnimationNodeBlendSpace1D_vcy5j"]
blend_point_0/node = SubResource("AnimationNodeAnimation_70xuj")
blend_point_0/pos = 0.0
blend_point_1/node = SubResource("AnimationNodeAnimation_65fbn")
blend_point_1/pos = 1.0
blend_point_2/node = SubResource("AnimationNodeAnimation_nis8b")
blend_point_2/pos = 2.0
min_space = 0.0
max_space = 2.0

[sub_resource type="AnimationNodeBlendTree" id="AnimationNodeBlendTree_4xcvv"]
graph_offset = Vector2(-34.7975, -20.8265)
nodes/Movement/node = SubResource("AnimationNodeBlendSpace1D_vcy5j")
nodes/Movement/position = Vector2(50, 100)
node_connections = [&"output", 0, &"Movement"]

[sub_resource type="BoxMesh" id="BoxMesh_65fbn"]
size = Vector3(0.2, 0.2, 1)

[sub_resource type="CapsuleShape3D" id="CapsuleShape3D_65fbn"]

[node name="PlayerModel" type="CharacterBody3D"]
script = ExtResource("1_65fbn")
metadata/_custom_type_script = "uid://d4jcynbprdal7"

[node name="rig" type="Node3D" parent="."]
unique_name_in_owner = true

[node name="Skeleton3D" type="Skeleton3D" parent="rig"]
bones/0/name = "Root"
bones/0/parent = -1
bones/0/rest = Transform3D(1, 0, 0, 0, 0, 1, 0, -1, 0, 0, 0, 0)
bones/0/enabled = true
bones/0/position = Vector3(0, 0, 0)
bones/0/rotation = Quaternion(-0.707107, 0, 0, 0.707107)
bones/0/scale = Vector3(1, 1, 1)
bones/1/name = "Hips"
bones/1/parent = 0
bones/1/rest = Transform3D(1, 0, 0, 0, -0.263421, -0.964681, 0, 0.964681, -0.263421, 0, 0.0516849, 0.892734)
bones/1/enabled = true
bones/1/position = Vector3(0, 0.0516848, 0.869494)
bones/1/rotation = Quaternion(0.794802, 0, 0, 0.606869)
bones/1/scale = Vector3(1, 1, 1)
bones/2/name = "Spine"
bones/2/parent = 1
bones/2/rest = Transform3D(1, 0, 0, 0, 0.990755, 0.135664, 0, -0.135664, 0.990755, 0, 0.13507, -5.58794e-09)
bones/2/enabled = true
bones/2/position = Vector3(0, 0.13507, -5.58794e-09)
bones/2/rotation = Quaternion(-0.0679891, 0, 0, 0.997686)
bones/2/scale = Vector3(1, 1, 1)
bones/3/name = "Chest"
bones/3/parent = 2
bones/3/rest = Transform3D(1, 0, 0, 0, 0.98503, 0.172385, 0, -0.172385, 0.98503, 0, 0.120896, -1.6269e-08)
bones/3/enabled = true
bones/3/position = Vector3(0, 0.120896, -1.6269e-08)
bones/3/rotation = Quaternion(-0.086517, 0, 0, 0.99625)
bones/3/scale = Vector3(1, 1, 1)
bones/4/name = "UpperChest"
bones/4/parent = 3
bones/4/rest = Transform3D(1, -0.000892565, -0.000115734, 0.000896182, 0.999339, 0.036356, 8.32071e-05, -0.0363561, 0.999339, 0, 0.229673, 9.31323e-10)
bones/4/enabled = true
bones/4/position = Vector3(0, 0.229673, 9.31323e-10)
bones/4/rotation = Quaternion(-0.018181, -4.97438e-05, 0.000447261, 0.999835)
bones/4/scale = Vector3(1, 1, 1)
bones/5/name = "Neck"
bones/5/parent = 4
bones/5/rest = Transform3D(1, 0.000852088, -0.000289611, -0.00089246, 0.897455, -0.441106, -0.000115948, 0.441106, 0.897455, 8.03766e-11, 0.179415, 5.49508e-09)
bones/5/enabled = true
bones/5/position = Vector3(8.03766e-11, 0.179415, 5.49508e-09)
bones/5/rotation = Quaternion(0.226434, -4.45733e-05, -0.000447767, 0.974026)
bones/5/scale = Vector3(1, 1, 1)
bones/6/name = "Neck2"
bones/6/parent = 5
bones/6/rest = Transform3D(1, 4.49818e-08, 4.29655e-09, -4.49838e-08, 0.982004, 0.188859, 4.27597e-09, -0.188859, 0.982004, 1.32951e-11, 0.0354041, 2.97642e-08)
bones/6/enabled = true
bones/6/position = Vector3(1.32951e-11, 0.0354041, 2.97642e-08)
bones/6/rotation = Quaternion(-0.0948575, -1.18082e-07, -1.09389e-08, 0.995491)
bones/6/scale = Vector3(1, 1, 1)
bones/7/name = "Head"
bones/7/parent = 6
bones/7/rest = Transform3D(1, 0.000447408, -7.71811e-06, -0.000437866, 0.981936, 0.189213, 9.22339e-05, -0.189213, 0.981936, -1.05538e-11, 0.0335512, -2.00616e-08)
bones/7/enabled = true
bones/7/position = Vector3(-1.05538e-11, 0.0335512, -2.00616e-08)
bones/7/rotation = Quaternion(-0.0950361, -2.49834e-05, -0.000222314, 0.995474)
bones/7/scale = Vector3(1, 1, 1)
bones/8/name = "LeftShoulder"
bones/8/parent = 4
bones/8/rest = Transform3D(0.636854, 0.758328, -0.139122, -0.0480126, 0.219105, 0.974519, 0.769488, -0.613947, 0.175947, 0.0172553, 0.124231, 0.0843217)
bones/8/enabled = true
bones/8/position = Vector3(0.0172553, 0.124231, 0.0843217)
bones/8/rotation = Quaternion(-0.557181, -0.31871, -0.282837, 0.712725)
bones/8/scale = Vector3(1, 1, 1)
bones/9/name = "LeftUpperArm"
bones/9/parent = 8
bones/9/rest = Transform3D(-0.468469, 0.455119, 0.757234, -0.451002, 0.613818, -0.647938, -0.759693, -0.645054, -0.0822954, 0.0316669, 0.133943, -0.0201118)
bones/9/enabled = true
bones/9/position = Vector3(0.0316669, 0.133943, -0.0201118)
bones/9/rotation = Quaternion(-0.25501, 0.663519, -0.630637, 0.311464)
bones/9/scale = Vector3(1, 1, 1)
bones/10/name = "LeftUpperArm2"
bones/10/parent = 9
bones/10/rest = Transform3D(1, 2.6077e-08, -1.44413e-07, -2.6077e-08, 1, 4.37722e-08, 1.44413e-07, -4.37722e-08, 1, -8.19564e-08, 0.166044, 1.00117e-08)
bones/10/enabled = true
bones/10/position = Vector3(-2.32831e-10, 0.166044, -2.32832e-10)
bones/10/rotation = Quaternion(-2.13537e-08, 0.00746197, 3.06829e-08, 0.999972)
bones/10/scale = Vector3(1, 1, 1)
bones/11/name = "LeftLowerArm"
bones/11/parent = 10
bones/11/rest = Transform3D(1, 4.56582e-07, 3.43436e-07, -3.62982e-07, 0.971939, -0.235235, -4.41203e-07, 0.235235, 0.971939, 2.65427e-07, 0.166044, 8.61473e-09)
bones/11/enabled = true
bones/11/position = Vector3(1.3969e-09, 0.166044, -3.69019e-08)
bones/11/rotation = Quaternion(0.23496, 0.00746194, 0.0104865, 0.97192)
bones/11/scale = Vector3(1, 1, 1)
bones/12/name = "LeftLowerArm2"
bones/12/parent = 11
bones/12/rest = Transform3D(1, -3.20375e-07, 1.95578e-07, 3.20375e-07, 1, 1.22935e-07, -1.95578e-07, -1.22935e-07, 1, 2.91038e-09, 0.136053, 8.3819e-09)
bones/12/enabled = true
bones/12/position = Vector3(6.98481e-09, 0.136053, -4.56348e-08)
bones/12/rotation = Quaternion(-6.79866e-08, -1.38767e-07, -1.86264e-07, 1)
bones/12/scale = Vector3(1, 1, 1)
bones/13/name = "LeftHand"
bones/13/parent = 12
bones/13/rest = Transform3D(0.999504, 0.0314836, 5.93078e-07, -0.0314251, 0.997645, 0.0609643, 0.00191879, -0.0609341, 0.99814, 4.10364e-08, 0.136053, -6.98492e-09)
bones/13/enabled = true
bones/13/position = Vector3(-1.653e-08, 0.136053, -2.20305e-08)
bones/13/rotation = Quaternion(-0.0304924, -0.000479789, -0.0157367, 0.999411)
bones/13/scale = Vector3(1, 1, 1)
bones/14/name = "RightShoulder"
bones/14/parent = 4
bones/14/rest = Transform3D(0.636761, -0.758078, 0.140902, 0.0468758, 0.220459, 0.974269, -0.769635, -0.613772, 0.175915, -0.017014, 0.124261, 0.0843257)
bones/14/enabled = true
bones/14/position = Vector3(-0.017014, 0.124261, 0.0843257)
bones/14/rotation = Quaternion(-0.556863, 0.319289, 0.282266, 0.71294)
bones/14/scale = Vector3(1, 1, 1)
bones/15/name = "RightUpperArm"
bones/15/parent = 14
bones/15/rest = Transform3D(-0.468469, -0.455119, -0.757234, 0.451002, 0.613818, -0.647938, 0.759693, -0.645054, -0.0822954, -0.0316669, 0.133943, -0.0201115)
bones/15/enabled = true
bones/15/position = Vector3(-0.0316669, 0.133943, -0.0201116)
bones/15/rotation = Quaternion(-0.25501, -0.663519, 0.630637, 0.311464)
bones/15/scale = Vector3(1, 1, 1)
bones/16/name = "RightUpperArm2"
bones/16/parent = 15
bones/16/rest = Transform3D(1, -2.17464e-07, 3.04193e-07, 2.17464e-07, 1, -2.63098e-08, -3.04193e-07, 2.63099e-08, 1, 1.99536e-07, 0.166045, -3.57395e-08)
bones/16/enabled = true
bones/16/position = Vector3(-3.37604e-08, 0.166045, -9.66248e-09)
bones/16/rotation = Quaternion(5.00401e-08, -0.00746201, 6.99825e-08, 0.999972)
bones/16/scale = Vector3(1, 1, 1)
bones/17/name = "RightLowerArm"
bones/17/parent = 16
bones/17/rest = Transform3D(1, -3.45522e-07, -3.23034e-07, 2.59838e-07, 0.971939, -0.235235, 3.95248e-07, 0.235235, 0.971939, -6.89179e-08, 0.166044, -2.91038e-08)
bones/17/enabled = true
bones/17/position = Vector3(5.35507e-09, 0.166045, -1.02291e-08)
bones/17/rotation = Quaternion(0.23496, -0.00746203, -0.0104863, 0.97192)
bones/17/scale = Vector3(1, 1, 1)
bones/18/name = "RightLowerArm2"
bones/18/parent = 17
bones/18/rest = Transform3D(1, 2.91504e-07, -3.91156e-07, -2.91504e-07, 1, 1.1269e-07, 3.91156e-07, -1.1269e-07, 1, -9.24338e-08, 0.136053, 1.30385e-08)
bones/18/enabled = true
bones/18/position = Vector3(9.66249e-09, 0.136053, 7.45061e-09)
bones/18/rotation = Quaternion(6.00703e-08, 1.09896e-07, -1.36439e-07, 1)
bones/18/scale = Vector3(1, 1, 1)
bones/19/name = "RightHand"
bones/19/parent = 18
bones/19/rest = Transform3D(0.999504, -0.031483, -1.13784e-06, 0.0314245, 0.997645, 0.0609644, -0.00191821, -0.0609342, 0.99814, -4.34811e-08, 0.136053, 7.45058e-09)
bones/19/enabled = true
bones/19/position = Vector3(1.4053e-08, 0.136053, 6.1981e-08)
bones/19/rotation = Quaternion(-0.0304925, 0.000479971, 0.0157368, 0.999411)
bones/19/scale = Vector3(1, 1, 1)
bones/20/name = "LeftBreast"
bones/20/parent = 4
bones/20/rest = Transform3D(-1, 4.48169e-05, 0.000898863, 0.000892507, -0.0790491, 0.99687, 0.000115731, 0.99687, 0.079049, 0.110854, -0.00300875, -0.0355716)
bones/20/enabled = true
bones/20/position = Vector3(0.110854, -0.00300875, -0.0355716)
bones/20/rotation = Quaternion(0.000345324, 0.678583, 0.734523, 0.000288517)
bones/20/scale = Vector3(1, 1, 1)
bones/21/name = "RightBreast"
bones/21/parent = 4
bones/21/rest = Transform3D(-1, 4.48169e-05, 0.000898863, 0.000892507, -0.0790491, 0.99687, 0.000115731, 0.99687, 0.079049, -0.110867, -0.00281085, -0.035546)
bones/21/enabled = true
bones/21/position = Vector3(-0.110867, -0.00281085, -0.035546)
bones/21/rotation = Quaternion(0.000345324, 0.678583, 0.734523, 0.000288517)
bones/21/scale = Vector3(1, 1, 1)
bones/22/name = "LeftPelvis"
bones/22/parent = 1
bones/22/rest = Transform3D(-0.519472, 0.405281, -0.752261, -0.199489, 0.798517, 0.567958, 0.830875, 0.445106, -0.333958, 0, 1.76951e-08, 3.72529e-09)
bones/22/enabled = true
bones/22/position = Vector3(0, 1.76951e-08, 3.72529e-09)
bones/22/rotation = Quaternion(0.0631855, 0.81424, 0.311046, -0.486078)
bones/22/scale = Vector3(1, 1, 1)
bones/23/name = "RightPelvis"
bones/23/parent = 1
bones/23/rest = Transform3D(-0.519472, -0.405281, 0.752261, 0.199489, 0.798517, 0.567958, -0.830875, 0.445106, -0.333958, 0, 1.76951e-08, 3.72529e-09)
bones/23/enabled = true
bones/23/position = Vector3(0, 1.76951e-08, 3.72529e-09)
bones/23/rotation = Quaternion(-0.0631855, 0.81424, 0.311046, 0.486078)
bones/23/scale = Vector3(1, 1, 1)
bones/24/name = "LeftUpperLeg"
bones/24/parent = 1
bones/24/rest = Transform3D(0.759538, 0.113105, -0.640554, -0.139845, -0.933343, -0.330626, -0.635252, 0.340702, -0.693092, 0.0660152, 0.0502677, 0.0278154)
bones/24/enabled = true
bones/24/position = Vector3(0.0660152, 0.0502677, 0.0278154)
bones/24/rotation = Quaternion(0.908706, -0.0105296, -0.342192, 0.238844)
bones/24/scale = Vector3(1, 1, 1)
bones/25/name = "LeftUpperLeg2"
bones/25/parent = 24
bones/25/rest = Transform3D(1, -1.86265e-09, 1.234e-08, 1.86264e-09, 1, 3.35276e-08, -1.234e-08, -3.35276e-08, 1, -5.58794e-09, 0.2318, -6.98492e-09)
bones/25/enabled = true
bones/25/position = Vector3(9.38407e-10, 0.229899, 1.72862e-08)
bones/25/rotation = Quaternion(3.92751e-08, 0.0645587, -3.80666e-08, 0.997914)
bones/25/scale = Vector3(1, 1, 1)
bones/26/name = "LeftLowerLeg"
bones/26/parent = 25
bones/26/rest = Transform3D(1, -1.10466e-07, -1.03994e-07, 9.06999e-08, 0.984766, -0.173884, 1.21618e-07, 0.173884, 0.984766, -5.58794e-09, 0.231801, -3.72529e-09)
bones/26/enabled = true
bones/26/position = Vector3(3.41585e-09, 0.229899, -3.10247e-08)
bones/26/rotation = Quaternion(0.215092, 0.0645587, -0.0142515, 0.974353)
bones/26/scale = Vector3(1, 1, 1)
bones/27/name = "LeftLowerLeg2"
bones/27/parent = 26
bones/27/rest = Transform3D(1, 2.87556e-08, 3.05008e-08, -2.87556e-08, 1, -3.25711e-08, -3.05008e-08, 3.25711e-08, 1, 1.58325e-08, 0.172809, 5.58794e-09)
bones/27/enabled = true
bones/27/position = Vector3(-9.90642e-10, 0.170905, 1.7939e-09)
bones/27/rotation = Quaternion(-1.75641e-08, -0.0545764, 5.01374e-08, 0.99851)
bones/27/scale = Vector3(1, 1, 1)
bones/28/name = "LeftFoot"
bones/28/parent = 27
bones/28/rest = Transform3D(0.759753, -0.615153, 0.210625, 0.00096181, 0.324995, 0.945715, -0.650212, -0.718307, 0.247508, 3.72529e-09, 0.172809, 9.31323e-09)
bones/28/enabled = true
bones/28/position = Vector3(8.04562e-10, 0.170905, -6.037e-09)
bones/28/rotation = Quaternion(-0.619607, 0.222513, 0.16048, 0.735405)
bones/28/scale = Vector3(1, 1, 1)
bones/29/name = "LeftToes"
bones/29/parent = 28
bones/29/rest = Transform3D(-0.999999, -0.000378028, -0.000944368, 1.28071e-07, 0.928335, -0.371745, 0.00101722, -0.371745, -0.928334, -6.14455e-09, 0.216073, -1.21508e-09)
bones/29/enabled = true
bones/29/position = Vector3(4.97478e-09, 0.216013, -2.99625e-08)
bones/29/rotation = Quaternion(-7.58514e-05, 0.981987, -0.188948, -0.000503135)
bones/29/scale = Vector3(1, 1, 1)
bones/30/name = "RightUpperLeg"
bones/30/parent = 1
bones/30/rest = Transform3D(0.759538, -0.113105, 0.640554, 0.139845, -0.933343, -0.330626, 0.635252, 0.340702, -0.693092, -0.0660152, 0.0502677, 0.0278154)
bones/30/enabled = true
bones/30/position = Vector3(-0.0660152, 0.0502677, 0.0278154)
bones/30/rotation = Quaternion(0.908706, 0.0105296, 0.342192, 0.238844)
bones/30/scale = Vector3(1, 1, 1)
bones/31/name = "RightUpperLeg2"
bones/31/parent = 30
bones/31/rest = Transform3D(1, 1.86265e-09, -1.234e-08, -1.86264e-09, 1, 3.35276e-08, 1.234e-08, -3.35276e-08, 1, 5.58794e-09, 0.2318, -6.98492e-09)
bones/31/enabled = true
bones/31/position = Vector3(-9.38407e-10, 0.229899, 1.72862e-08)
bones/31/rotation = Quaternion(4.11417e-08, -0.0645588, 3.01339e-08, 0.997914)
bones/31/scale = Vector3(1, 1, 1)
bones/32/name = "RightLowerLeg"
bones/32/parent = 31
bones/32/rest = Transform3D(1, 1.10466e-07, 1.03994e-07, -9.06999e-08, 0.984766, -0.173884, -1.21618e-07, 0.173884, 0.984766, 5.58794e-09, 0.231801, -3.72529e-09)
bones/32/enabled = true
bones/32/position = Vector3(-3.88152e-09, 0.229899, -4.77303e-09)
bones/32/rotation = Quaternion(0.215092, -0.0645586, 0.0142515, 0.974353)
bones/32/scale = Vector3(1, 1, 1)
bones/33/name = "RightLowerLeg2"
bones/33/parent = 32
bones/33/rest = Transform3D(1, -2.87556e-08, -3.05008e-08, 2.87556e-08, 1, -3.25711e-08, 3.05008e-08, 3.25711e-08, 1, -1.58325e-08, 0.172809, 5.58794e-09)
bones/33/enabled = true
bones/33/position = Vector3(1.30978e-08, 0.170905, -5.65668e-09)
bones/33/rotation = Quaternion(-4.08821e-08, 0.0545899, 2.54125e-08, 0.998509)
bones/33/scale = Vector3(1, 1, 1)
bones/34/name = "RightFoot"
bones/34/parent = 33
bones/34/rest = Transform3D(0.759321, 0.615153, -0.212176, 0.000969917, 0.324996, 0.945715, 0.650716, -0.718307, 0.246179, -3.72529e-09, 0.172809, 9.31323e-09)
bones/34/enabled = true
bones/34/position = Vector3(-7.70797e-09, 0.170905, 2.04775e-08)
bones/34/rotation = Quaternion(-0.619768, -0.223274, -0.159856, 0.735175)
bones/34/scale = Vector3(1, 1, 1)
bones/35/name = "RightToes"
bones/35/parent = 34
bones/35/rest = Transform3D(-1, -0.000381307, -0.000952081, -4.91418e-08, 0.928335, -0.371745, 0.0010256, -0.371745, -0.928334, 1.11067e-08, 0.216074, -9.45874e-10)
bones/35/enabled = true
bones/35/position = Vector3(2.09697e-09, 0.216013, -3.21563e-08)
bones/35/rotation = Quaternion(-0.000117178, 0.981987, -0.188948, -0.000499791)
bones/35/scale = Vector3(1, 1, 1)

[node name="FootL" type="BoneAttachment3D" parent="rig/Skeleton3D"]
transform = Transform3D(-1, 1.03342e-06, -2.40456e-07, -2.68337e-07, -1.51992e-06, 1, 9.10019e-07, 1, 1.49012e-06, 0.118451, 0.0493689, 0.210135)
bone_name = "LeftToes"
bone_idx = 29

[node name="RemoteTransform3D" type="RemoteTransform3D" parent="rig/Skeleton3D/FootL"]
transform = Transform3D(0.999999, -0.000944583, 0.000440975, 0.000879841, 1.00004, 0.000327122, -0.000481982, -7.82469e-05, 0.999979, 0, 0, 0.05)
remote_path = NodePath("../../../../FootColliderL")
update_scale = false

[node name="FootR" type="BoneAttachment3D" parent="rig/Skeleton3D"]
transform = Transform3D(-1, -8.72766e-07, 3.53903e-07, 3.29921e-07, -1.2815e-06, 1, -8.48551e-07, 1, 1.3113e-06, -0.118451, 0.0493691, 0.210135)
bone_name = "RightToes"
bone_idx = 35

[node name="RemoteTransform3D" type="RemoteTransform3D" parent="rig/Skeleton3D/FootR"]
transform = Transform3D(1, 0, 0, 0, 1, 0, 0, 0, 1, 0, 0, 0.05)
remote_path = NodePath("../../../../FootColliderR")
update_scale = false

[node name="HandL" type="BoneAttachment3D" parent="rig/Skeleton3D"]
transform = Transform3D(-0.970832, 0.174413, -0.164514, -0.214958, -0.9371, 0.275023, -0.106198, 0.302365, 0.947258, 0.271169, 0.913791, 0.0667245)
bone_name = "LeftHand"
bone_idx = 13

[node name="RemoteTransform3D" type="RemoteTransform3D" parent="rig/Skeleton3D/HandL"]
transform = Transform3D(1, 0, 0, 0, 1, 0, 0, 0, 1, 0.00191045, 0.0254101, -0.015388)
remote_path = NodePath("../../../../HandColliderL")
update_scale = false

[node name="HandR" type="BoneAttachment3D" parent="rig/Skeleton3D"]
transform = Transform3D(-0.970832, -0.174413, 0.164513, 0.214957, -0.9371, 0.275023, 0.106198, 0.302365, 0.947258, -0.271169, 0.91379, 0.0667244)
bone_name = "RightHand"
bone_idx = 19

[node name="RemoteTransform3D" type="RemoteTransform3D" parent="rig/Skeleton3D/HandR"]
transform = Transform3D(1, 0, 0, 0, 1, 0, 0, 0, 1, -0.002, 0.025, -0.015)
remote_path = NodePath("../../../../HandColliderR")
update_scale = false

[node name="Debug" type="BoneAttachment3D" parent="rig/Skeleton3D"]
transform = Transform3D(1, 0, 0, 0, 0, 1, 0, -1, 0, 0, 0, 0)
visible = false
bone_name = "root"
bone_idx = 0

[node name="MeshInstance3D" type="MeshInstance3D" parent="rig/Skeleton3D/Debug"]
transform = Transform3D(1, 0, 0, 0, -4.37114e-08, -1, 0, 1, -4.37114e-08, 0, 0, 0)
mesh = SubResource("BoxMesh_nis8b")

[node name="HandColliderL" type="CollisionShape3D" parent="."]
unique_name_in_owner = true
transform = Transform3D(-0.970774, 0.174404, -0.164507, -0.214945, -0.93705, 0.275011, -0.106192, 0.302349, 0.947217, 0.276277, 0.885336, 0.0596283)
shape = SubResource("SphereShape3D_65fbn")
debug_color = Color(0, 0.6, 0.701961, 1)

[node name="Debug" type="MeshInstance3D" parent="HandColliderL"]
visible = false
mesh = SubResource("SphereMesh_nis8b")

[node name="HandColliderR" type="CollisionShape3D" parent="."]
unique_name_in_owner = true
transform = Transform3D(-0.970788, -0.174407, 0.164509, 0.214947, -0.937069, 0.275015, 0.106193, 0.302355, 0.94723, -0.276055, 0.885808, 0.0598622)
shape = SubResource("SphereShape3D_4xcvv")
debug_color = Color(0, 0.6, 0.701961, 1)

[node name="Debug" type="MeshInstance3D" parent="HandColliderR"]
visible = false
mesh = SubResource("SphereMesh_mstlb")

[node name="FootColliderL" type="CollisionShape3D" parent="."]
unique_name_in_owner = true
transform = Transform3D(-0.999827, 0.000883623, 3.83813e-11, 0, -4.38481e-08, 0.996812, 0.000880717, 1.00313, 4.3572e-08, 0.118451, 0.0993689, 0.210135)
shape = SubResource("CapsuleShape3D_nis8b")

[node name="Debug" type="MeshInstance3D" parent="FootColliderL"]
visible = false
mesh = SubResource("CapsuleMesh_b6qoi")

[node name="FootColliderR" type="CollisionShape3D" parent="."]
unique_name_in_owner = true
transform = Transform3D(-0.999827, -8.6611e-07, -3.78587e-14, 0, -4.37042e-08, 0.999831, -8.66101e-07, 0.999837, 4.3704e-08, -0.118451, 0.0993692, 0.210135)
shape = SubResource("CapsuleShape3D_ldqqv")

[node name="Debug" type="MeshInstance3D" parent="FootColliderR"]
visible = false
mesh = SubResource("CapsuleMesh_b6qoi")

[node name="AnimationPlayer" type="AnimationPlayer" parent="."]
unique_name_in_owner = true
libraries = {
&"": SubResource("AnimationLibrary_vw83s")
}

[node name="AnimationTree" type="AnimationTree" parent="."]
unique_name_in_owner = true
root_node = NodePath("%AnimationTree/..")
tree_root = SubResource("AnimationNodeBlendTree_4xcvv")
anim_player = NodePath("../AnimationPlayer")
parameters/Movement/blend_position = 0.0

[node name="MeshInstance3D" type="MeshInstance3D" parent="."]
transform = Transform3D(1, 0, 0, 0, 1, 0, 0, 0, 1, 0, 0.1, 0)
visible = false
mesh = SubResource("BoxMesh_65fbn")

[node name="CollisionShape3D" type="CollisionShape3D" parent="."]
transform = Transform3D(1, 0, 0, 0, 1, 0, 0, 0, 1, 0, 1, 0)
visible = false
shape = SubResource("CapsuleShape3D_65fbn")
disabled = true
debug_fill = false
