[gd_scene load_steps=12 format=3 uid="uid://tmda5xa2to7g"]

[ext_resource type="PackedScene" uid="uid://c2jrxrxfi6r7d" path="res://player/player_model.tscn" id="1_rkbax"]
[ext_resource type="Script" uid="uid://ctvgtn3h2l316" path="res://player/scripts/player.gd" id="1_yw30f"]
[ext_resource type="PackedScene" uid="uid://djyegqvr57iv2" path="res://player/player_view.tscn" id="2_g1dw6"]

[sub_resource type="SphereShape3D" id="SphereShape3D_g1dw6"]
radius = 0.1

[sub_resource type="SphereMesh" id="SphereMesh_yw30f"]
radius = 0.1
height = 0.2

[sub_resource type="SphereShape3D" id="SphereShape3D_qjkh3"]
radius = 0.1

[sub_resource type="SphereMesh" id="SphereMesh_g6k8r"]
radius = 0.1
height = 0.2

[sub_resource type="CapsuleShape3D" id="CapsuleShape3D_boad6"]
radius = 0.1
height = 0.4

[sub_resource type="CapsuleMesh" id="CapsuleMesh_rgyib"]
radius = 0.07
height = 0.4

[sub_resource type="CapsuleShape3D" id="CapsuleShape3D_hg6s5"]
radius = 0.1
height = 0.4

[sub_resource type="SceneReplicationConfig" id="SceneReplicationConfig_g1dw6"]
properties/0/path = NodePath(".:position")
properties/0/spawn = true
properties/0/replication_mode = 1
properties/1/path = NodePath("PlayerModel/AnimationTree:parameters/Movement/blend_position")
properties/1/spawn = true
properties/1/replication_mode = 1
properties/2/path = NodePath("PlayerModel:rotation")
properties/2/spawn = true
properties/2/replication_mode = 1
properties/3/path = NodePath("PlayerView:rotation")
properties/3/spawn = true
properties/3/replication_mode = 1
properties/4/path = NodePath("PlayerModel:current_state_type")
properties/4/spawn = true
properties/4/replication_mode = 1

[node name="Player" type="CharacterBody3D"]
script = ExtResource("1_yw30f")

[node name="Model" parent="." node_paths=PackedStringArray("character_body") instance=ExtResource("1_rkbax")]
unique_name_in_owner = true
character_body = NodePath("..")

[node name="View" parent="." node_paths=PackedStringArray("model") instance=ExtResource("2_g1dw6")]
unique_name_in_owner = true
model = NodePath("../Model")

[node name="HandColliderL" type="CollisionShape3D" parent="."]
unique_name_in_owner = true
transform = Transform3D(-0.970829, 0.174414, -0.164513, -0.214957, -0.937099, 0.275023, -0.106197, 0.302364, 0.947258, 0.276278, 0.895355, 0.0294907)
shape = SubResource("SphereShape3D_g1dw6")
debug_color = Color(0, 0.6, 0.701961, 1)

[node name="Debug" type="MeshInstance3D" parent="HandColliderL"]
visible = false
mesh = SubResource("SphereMesh_yw30f")

[node name="HandColliderR" type="CollisionShape3D" parent="."]
unique_name_in_owner = true
transform = Transform3D(-0.970829, -0.174413, 0.164514, 0.214957, -0.937099, 0.275022, 0.106199, 0.302364, 0.947257, -0.276055, 0.895826, 0.0297248)
shape = SubResource("SphereShape3D_qjkh3")
debug_color = Color(0, 0.6, 0.701961, 1)

[node name="Debug" type="MeshInstance3D" parent="HandColliderR"]
visible = false
mesh = SubResource("SphereMesh_g6k8r")

[node name="FootColliderL" type="CollisionShape3D" parent="."]
unique_name_in_owner = true
transform = Transform3D(-0.999823, -0.0031489, -0.000496056, -0.000509578, 0.00429536, 0.999826, -0.0031467, 0.999828, -0.00429692, 0.117604, 0.100275, 0.142598)
shape = SubResource("CapsuleShape3D_boad6")
debug_color = Color(0, 0.6, 0.701961, 1)

[node name="Debug" type="MeshInstance3D" parent="FootColliderL"]
mesh = SubResource("CapsuleMesh_rgyib")

[node name="FootColliderR" type="CollisionShape3D" parent="."]
unique_name_in_owner = true
transform = Transform3D(-0.999823, 0.00313624, 0.000477122, 0.00049064, 0.00431136, 0.999826, 0.0031341, 0.999828, -0.00431285, -0.115604, 0.100274, 0.142591)
shape = SubResource("CapsuleShape3D_hg6s5")

[node name="Debug" type="MeshInstance3D" parent="FootColliderR"]
mesh = SubResource("CapsuleMesh_rgyib")

[node name="MultiplayerSynchronizer" type="MultiplayerSynchronizer" parent="."]
replication_config = SubResource("SceneReplicationConfig_g1dw6")
