[gd_scene load_steps=18 format=3 uid="uid://c2jrxrxfi6r7d"]

[ext_resource type="Script" uid="uid://d4jcynbprdal7" path="res://character/scripts/character_model.gd" id="1_65fbn"]
[ext_resource type="AnimationLibrary" uid="uid://bjbobcjthd56o" path="res://resources/stickman_animations.tres" id="2_65fbn"]

[sub_resource type="BoxMesh" id="BoxMesh_nis8b"]
size = Vector3(0.2, 0.2, 1)

[sub_resource type="SphereShape3D" id="SphereShape3D_65fbn"]
radius = 0.1

[sub_resource type="SphereMesh" id="SphereMesh_nis8b"]
radius = 0.1
height = 0.2

[sub_resource type="SphereShape3D" id="SphereShape3D_4xcvv"]
radius = 0.1

[sub_resource type="SphereMesh" id="SphereMesh_mstlb"]
radius = 0.1
height = 0.2

[sub_resource type="CapsuleShape3D" id="CapsuleShape3D_nis8b"]
radius = 0.1
height = 0.4

[sub_resource type="CapsuleMesh" id="CapsuleMesh_b6qoi"]
radius = 0.07
height = 0.4

[sub_resource type="CapsuleShape3D" id="CapsuleShape3D_ldqqv"]
radius = 0.1
height = 0.4

[sub_resource type="AnimationNodeAnimation" id="AnimationNodeAnimation_70xuj"]
animation = &"Idle"

[sub_resource type="AnimationNodeAnimation" id="AnimationNodeAnimation_65fbn"]
animation = &"Walk"

[sub_resource type="AnimationNodeAnimation" id="AnimationNodeAnimation_nis8b"]
animation = &"Run"

[sub_resource type="AnimationNodeBlendSpace1D" id="AnimationNodeBlendSpace1D_vcy5j"]
blend_point_0/node = SubResource("AnimationNodeAnimation_70xuj")
blend_point_0/pos = 0.0
blend_point_1/node = SubResource("AnimationNodeAnimation_65fbn")
blend_point_1/pos = 1.0
blend_point_2/node = SubResource("AnimationNodeAnimation_nis8b")
blend_point_2/pos = 2.0
min_space = 0.0
max_space = 2.0

[sub_resource type="AnimationNodeBlendTree" id="AnimationNodeBlendTree_4xcvv"]
nodes/Movement/node = SubResource("AnimationNodeBlendSpace1D_vcy5j")
nodes/Movement/position = Vector2(50, 100)
node_connections = [&"output", 0, &"Movement"]

[sub_resource type="BoxMesh" id="BoxMesh_65fbn"]
size = Vector3(0.2, 0.2, 1)

[sub_resource type="CapsuleShape3D" id="CapsuleShape3D_65fbn"]

[node name="PlayerModel" type="CharacterBody3D"]
script = ExtResource("1_65fbn")
metadata/_custom_type_script = "uid://d4jcynbprdal7"

[node name="rig" type="Node3D" parent="."]
unique_name_in_owner = true

[node name="Skeleton3D" type="Skeleton3D" parent="rig"]
bones/0/name = "root"
bones/0/parent = -1
bones/0/rest = Transform3D(1, 0, 0, 0, 0, 1, 0, -1, 0, 0, 0, 0)
bones/0/enabled = true
bones/0/position = Vector3(0, 0, 0)
bones/0/rotation = Quaternion(-0.707107, 0, 0, 0.707107)
bones/0/scale = Vector3(1, 1, 1)
bones/1/name = "DEF-spine"
bones/1/parent = 0
bones/1/rest = Transform3D(1, 0, 0, 0, -0.263421, -0.964681, 0, 0.964681, -0.263421, 0, 0.0516849, 0.892734)
bones/1/enabled = true
bones/1/position = Vector3(0, 0.0516848, 0.874645)
bones/1/rotation = Quaternion(0.794802, 0, 0, 0.606869)
bones/1/scale = Vector3(1, 1, 1)
bones/2/name = "DEF-spine.001"
bones/2/parent = 1
bones/2/rest = Transform3D(1, 0, 0, 0, 0.990755, 0.135664, 0, -0.135664, 0.990755, 0, 0.13507, -5.58794e-09)
bones/2/enabled = true
bones/2/position = Vector3(0, 0.13507, -5.58794e-09)
bones/2/rotation = Quaternion(-0.0679891, 0, 0, 0.997686)
bones/2/scale = Vector3(1, 1, 1)
bones/3/name = "DEF-spine.002"
bones/3/parent = 2
bones/3/rest = Transform3D(1, 0, 0, 0, 0.98503, 0.172385, 0, -0.172385, 0.98503, 0, 0.120896, -1.6269e-08)
bones/3/enabled = true
bones/3/position = Vector3(0, 0.120896, -1.6269e-08)
bones/3/rotation = Quaternion(-0.086517, 0, 0, 0.99625)
bones/3/scale = Vector3(1, 1, 1)
bones/4/name = "DEF-spine.003"
bones/4/parent = 3
bones/4/rest = Transform3D(1, -0.000892565, -0.000115734, 0.000896182, 0.999339, 0.036356, 8.32071e-05, -0.0363561, 0.999339, 0, 0.229673, 9.31323e-10)
bones/4/enabled = true
bones/4/position = Vector3(0, 0.229673, 9.31323e-10)
bones/4/rotation = Quaternion(-0.018181, -4.97437e-05, 0.000447261, 0.999835)
bones/4/scale = Vector3(1, 1, 1)
bones/5/name = "DEF-spine.004"
bones/5/parent = 4
bones/5/rest = Transform3D(1, 0.000852088, -0.000289611, -0.00089246, 0.897455, -0.441106, -0.000115948, 0.441106, 0.897455, 8.03766e-11, 0.179415, 5.49508e-09)
bones/5/enabled = true
bones/5/position = Vector3(8.03766e-11, 0.179415, 5.49508e-09)
bones/5/rotation = Quaternion(0.226434, -4.45733e-05, -0.000447767, 0.974026)
bones/5/scale = Vector3(1, 1, 1)
bones/6/name = "DEF-spine.005"
bones/6/parent = 5
bones/6/rest = Transform3D(1, 4.49818e-08, 4.29655e-09, -4.49838e-08, 0.982004, 0.188859, 4.27597e-09, -0.188859, 0.982004, 1.32951e-11, 0.0354041, 2.97642e-08)
bones/6/enabled = true
bones/6/position = Vector3(1.32951e-11, 0.0354041, 2.97642e-08)
bones/6/rotation = Quaternion(-0.0948575, -1.18082e-07, -1.09389e-08, 0.995491)
bones/6/scale = Vector3(1, 1, 1)
bones/7/name = "DEF-spine.006"
bones/7/parent = 6
bones/7/rest = Transform3D(1, 0.000447408, -7.71811e-06, -0.000437866, 0.981936, 0.189213, 9.22339e-05, -0.189213, 0.981936, -1.05538e-11, 0.0335512, -2.00616e-08)
bones/7/enabled = true
bones/7/position = Vector3(-1.05538e-11, 0.0335512, -2.00616e-08)
bones/7/rotation = Quaternion(-0.0950361, -2.49834e-05, -0.000222314, 0.995474)
bones/7/scale = Vector3(1, 1, 1)
bones/8/name = "VIS_upper_arm_ik_pole.L"
bones/8/parent = 0
bones/8/rest = Transform3D(-0.678504, 0, 0.734597, 0.734597, 0, 0.678504, 0, 1, 0, 0.422466, 0.0306494, 1.33211)
bones/8/enabled = true
bones/8/position = Vector3(0.218249, 0.0473986, 1.16692)
bones/8/rotation = Quaternion(0.234098, 0.937349, 0.11976, 0.228545)
bones/8/scale = Vector3(1, 24.5758, 1)
bones/9/name = "VIS_upper_arm_ik_pole.R"
bones/9/parent = 0
bones/9/rest = Transform3D(-0.678504, 0, -0.734597, -0.734597, 0, 0.678504, 0, 1, 0, -0.422466, 0.0306494, 1.33211)
bones/9/enabled = true
bones/9/position = Vector3(-0.218249, 0.0473987, 1.16692)
bones/9/rotation = Quaternion(-0.234098, 0.937349, 0.11976, -0.228545)
bones/9/scale = Vector3(1, 24.5758, 1)
bones/10/name = "VIS_thigh_ik_pole.L"
bones/10/parent = 0
bones/10/rest = Transform3D(0.759538, 0, -0.650463, -0.650463, 0, -0.759538, 0, 1, 0, 0.118451, -0.0267788, 0.474875)
bones/10/enabled = true
bones/10/position = Vector3(0.127976, -0.068251, 0.466672)
bones/10/rotation = Quaternion(0.708258, 0.252618, -0.608327, 0.253956)
bones/10/scale = Vector3(1, 22.2267, 1)
bones/11/name = "VIS_thigh_ik_pole.R"
bones/11/parent = 0
bones/11/rest = Transform3D(0.759538, 0, 0.650463, 0.650463, 0, -0.759538, 0, 1, 0, -0.118451, -0.0267788, 0.474875)
bones/11/enabled = true
bones/11/position = Vector3(-0.127976, -0.068251, 0.466672)
bones/11/rotation = Quaternion(0.708258, -0.252618, 0.608327, 0.253956)
bones/11/scale = Vector3(1, 22.2267, 1)
bones/12/name = "MCH-torso.parent"
bones/12/parent = -1
bones/12/rest = Transform3D(1, 0, 0, 0, 0, 1, 0, -1, 0, 0, 0.957883, -0.0338948)
bones/12/enabled = true
bones/12/position = Vector3(0, 0.957883, -0.0338948)
bones/12/rotation = Quaternion(-0.707107, 0, 0, 0.707107)
bones/12/scale = Vector3(1, 1, 1)
bones/13/name = "torso"
bones/13/parent = 12
bones/13/rest = Transform3D(1, 0, 0, 0, 1, 0, 0, 0, 1, 0, 0, 0)
bones/13/enabled = true
bones/13/position = Vector3(0, 0, -0.0180891)
bones/13/rotation = Quaternion(0, 0, 0, 1)
bones/13/scale = Vector3(1, 1, 1)
bones/14/name = "hips"
bones/14/parent = 13
bones/14/rest = Transform3D(1, 0, 0, 0, 1, 0, 0, 0, 1, 0, -0.0335203, 0.185018)
bones/14/enabled = true
bones/14/position = Vector3(0, -0.0335203, 0.185018)
bones/14/rotation = Quaternion(0, 0, 0, 1)
bones/14/scale = Vector3(1, 1, 1)
bones/15/name = "chest"
bones/15/parent = 13
bones/15/rest = Transform3D(1, 0, 0, 0, 1, 0, 0, 0, 1, 0, -0.0335203, 0.185018)
bones/15/enabled = true
bones/15/position = Vector3(0, -0.0335203, 0.185018)
bones/15/rotation = Quaternion(0, 0, 0, 1)
bones/15/scale = Vector3(1, 1, 1)
bones/16/name = "MCH-spine.001"
bones/16/parent = 13
bones/16/rest = Transform3D(1, 0, 0, 0, 1, 0, 0, 0, 1, 0, -0.0335203, 0.185018)
bones/16/enabled = true
bones/16/position = Vector3(0, -0.0335203, 0.185018)
bones/16/rotation = Quaternion(0, 0, 0, 1)
bones/16/scale = Vector3(1, 1, 1)
bones/17/name = "spine_fk.001"
bones/17/parent = 16
bones/17/rest = Transform3D(1, 0, 0, 0, -0.130113, -0.991499, 0, 0.991499, -0.130113, 0, -7.45058e-09, 0)
bones/17/enabled = true
bones/17/position = Vector3(0, -7.45058e-09, 0)
bones/17/rotation = Quaternion(0.751703, 0, 0, 0.659502)
bones/17/scale = Vector3(1, 1, 1)
bones/18/name = "MCH-spine"
bones/18/parent = 17
bones/18/rest = Transform3D(1, 0, 0, 0, -0.130113, 0.991499, 0, -0.991499, -0.130113, 0, -0.120896, -5.58794e-09)
bones/18/enabled = true
bones/18/position = Vector3(0, -0.120896, -5.58794e-09)
bones/18/rotation = Quaternion(-0.751703, 0, 0, 0.659502)
bones/18/scale = Vector3(1, 1, 1)
bones/19/name = "spine_fk"
bones/19/parent = 18
bones/19/rest = Transform3D(1, 0, 0, 0, -0.263421, -0.964681, 0, 0.964681, -0.263421, 0, -8.32994e-10, -4.79957e-10)
bones/19/enabled = true
bones/19/position = Vector3(0, -8.32994e-10, -4.79957e-10)
bones/19/rotation = Quaternion(0.794802, 0, 0, 0.606869)
bones/19/scale = Vector3(1, 1, 1)
bones/20/name = "tweak_spine"
bones/20/parent = 19
bones/20/rest = Transform3D(1, 0, 0, 0, 1, -3.8743e-07, 0, 3.8743e-07, 1, 0, -0.13507, -3.72529e-08)
bones/20/enabled = true
bones/20/position = Vector3(0, -0.13507, -3.72529e-08)
bones/20/rotation = Quaternion(1.93715e-07, 0, 0, 1)
bones/20/scale = Vector3(1, 1, 1)
bones/21/name = "ORG-spine"
bones/21/parent = 20
bones/21/rest = Transform3D(1, 0, 0, 0, 1, 1.78814e-07, 0, -1.78814e-07, 1, 0, 7.45058e-09, 7.45058e-09)
bones/21/enabled = true
bones/21/position = Vector3(0, 7.45058e-09, 7.45058e-09)
bones/21/rotation = Quaternion(-8.9407e-08, 0, 0, 1)
bones/21/scale = Vector3(1, 1, 1)
bones/22/name = "ORG-pelvis.L"
bones/22/parent = 21
bones/22/rest = Transform3D(-0.519471, 0.405281, -0.752261, -0.199489, 0.798516, 0.567958, 0.830875, 0.445105, -0.333957, 0, 1.76951e-08, 2.23517e-08)
bones/22/enabled = true
bones/22/position = Vector3(0, 1.76951e-08, 2.23517e-08)
bones/22/rotation = Quaternion(0.0631855, 0.81424, 0.311046, -0.486078)
bones/22/scale = Vector3(1, 1, 1)
bones/23/name = "DEF-pelvis.L"
bones/23/parent = 22
bones/23/rest = Transform3D(1, -2.23517e-08, 8.19564e-08, 2.23517e-08, 1, 1.11759e-07, -8.19564e-08, -1.11759e-07, 1, -2.33912e-08, -5.79748e-08, -4.0814e-08)
bones/23/enabled = true
bones/23/position = Vector3(-2.33912e-08, -5.79748e-08, -4.0814e-08)
bones/23/rotation = Quaternion(-5.58794e-08, 4.09782e-08, 1.11759e-08, 1)
bones/23/scale = Vector3(1, 1, 1)
bones/24/name = "ORG-pelvis.R"
bones/24/parent = 21
bones/24/rest = Transform3D(-0.519471, -0.405281, 0.752261, 0.199489, 0.798516, 0.567958, -0.830875, 0.445105, -0.333957, 0, 1.76951e-08, 2.23517e-08)
bones/24/enabled = true
bones/24/position = Vector3(0, 1.76951e-08, 2.23517e-08)
bones/24/rotation = Quaternion(-0.0631855, 0.81424, 0.311046, 0.486078)
bones/24/scale = Vector3(1, 1, 1)
bones/25/name = "DEF-pelvis.R"
bones/25/parent = 24
bones/25/rest = Transform3D(1, 2.23517e-08, -8.19564e-08, -2.23517e-08, 1, 1.11759e-07, 8.19564e-08, -1.11759e-07, 1, 2.33912e-08, -5.79748e-08, -4.0814e-08)
bones/25/enabled = true
bones/25/position = Vector3(2.33912e-08, -5.79748e-08, -4.0814e-08)
bones/25/rotation = Quaternion(-5.58794e-08, -4.09782e-08, -1.11759e-08, 1)
bones/25/scale = Vector3(1, 1, 1)
bones/26/name = "ORG-thigh.L"
bones/26/parent = 21
bones/26/rest = Transform3D(0.759538, 0.113105, -0.640554, -0.139845, -0.933343, -0.330626, -0.635252, 0.340702, -0.693092, 0.0660152, 0.0502677, 0.0278154)
bones/26/enabled = true
bones/26/position = Vector3(0.0660152, 0.0502677, 0.0278154)
bones/26/rotation = Quaternion(0.948497, 0.0182642, -0.219259, 0.227914)
bones/26/scale = Vector3(0.99303, 0.99303, 0.99303)
bones/27/name = "ORG-shin.L"
bones/27/parent = 26
bones/27/rest = Transform3D(1, -5.36678e-08, 5.07456e-08, 6.16741e-08, 0.984766, -0.173884, -4.06405e-08, 0.173884, 0.984766, 0, 0.463601, 9.31323e-09)
bones/27/enabled = true
bones/27/position = Vector3(0, 0.463601, 9.31323e-09)
bones/27/rotation = Quaternion(0.190681, 3.69065e-08, 2.6992e-08, 0.981652)
bones/27/scale = Vector3(0.99735, 0.99735, 0.99735)
bones/28/name = "ORG-foot.L"
bones/28/parent = 27
bones/28/rest = Transform3D(0.759753, -0.615153, 0.210625, 0.000962138, 0.324995, 0.945715, -0.650211, -0.718307, 0.247508, -1.86265e-09, 0.345618, -3.72529e-09)
bones/28/enabled = true
bones/28/position = Vector3(-1.86265e-09, 0.345618, -3.72529e-09)
bones/28/rotation = Quaternion(-0.616556, 0.178749, 0.12806, 0.755981)
bones/28/scale = Vector3(1.00947, 1.00947, 1.00947)
bones/29/name = "ORG-toe.L"
bones/29/parent = 28
bones/29/rest = Transform3D(-0.999999, -0.000378028, -0.000944607, 2.16649e-07, 0.928335, -0.371745, 0.00101744, -0.371745, -0.928334, 4.07454e-10, 0.216074, -3.57977e-09)
bones/29/enabled = true
bones/29/position = Vector3(-8.99937e-06, 0.216013, -0.000152397)
bones/29/rotation = Quaternion(-9.6244e-05, 0.98192, -0.189295, -0.000499392)
bones/29/scale = Vector3(1, 1, 1)
bones/30/name = "ORG-heel.02.L"
bones/30/parent = 28
bones/30/rest = Transform3D(-0.000944257, 0.999999, 0.000378531, -0.371745, 3.80976e-07, -0.928335, -0.928334, -0.0010173, 0.371745, -0.0521635, -0.000548557, 0.139971)
bones/30/enabled = true
bones/30/position = Vector3(-0.0521635, -0.000548557, 0.139971)
bones/30/rotation = Quaternion(0.396015, 0.396611, -0.585809, 0.585406)
bones/30/scale = Vector3(1, 1, 1)
bones/31/name = "MCH-foot_tweak.L"
bones/31/parent = 28
bones/31/rest = Transform3D(1, 1.48711e-07, 2.50831e-07, -1.48711e-07, 1, 2.97052e-08, -2.50831e-07, -2.97053e-08, 1, -2.42426e-08, 2.53674e-08, 1.00023e-07)
bones/31/enabled = true
bones/31/position = Vector3(-2.42426e-08, 2.53674e-08, 1.00023e-07)
bones/31/rotation = Quaternion(-1.48526e-08, 1.25416e-07, -7.43557e-08, 1)
bones/31/scale = Vector3(1, 1, 1)
bones/32/name = "foot_tweak.L"
bones/32/parent = 31
bones/32/rest = Transform3D(1, 3.42656e-10, 1.38243e-10, -3.42656e-10, 1, 5.94321e-08, -1.38243e-10, -5.94321e-08, 1, -2.19666e-09, -1.94151e-08, 8.42556e-09)
bones/32/enabled = true
bones/32/position = Vector3(-2.19666e-09, -1.94151e-08, 8.42556e-09)
bones/32/rotation = Quaternion(-2.97161e-08, 6.91216e-11, -1.71328e-10, 1)
bones/32/scale = Vector3(1, 1, 1)
bones/33/name = "MCH-shin_tweak.L"
bones/33/parent = 27
bones/33/rest = Transform3D(1, 2.14531e-08, 1.74623e-10, -2.14531e-08, 1, -2.41913e-08, -1.74623e-10, 2.41913e-08, 1, -1.86265e-09, 8.44011e-08, -1.49012e-08)
bones/33/enabled = true
bones/33/position = Vector3(-1.86265e-09, 8.44011e-08, -1.49012e-08)
bones/33/rotation = Quaternion(1.20956e-08, 8.73115e-11, -1.07266e-08, 1)
bones/33/scale = Vector3(1.00947, 1.00947, 1.00947)
bones/34/name = "shin_tweak.L"
bones/34/parent = 33
bones/34/rest = Transform3D(1, -2.57539e-08, 6.40284e-10, 2.57539e-08, 1, 5.44248e-10, -6.40284e-10, -5.44248e-10, 1, 9.31323e-10, -3.55189e-08, -1.86265e-09)
bones/34/enabled = true
bones/34/position = Vector3(9.31323e-10, -3.55189e-08, -1.86265e-09)
bones/34/rotation = Quaternion(-2.72124e-10, 3.20142e-10, 1.28769e-08, 1)
bones/34/scale = Vector3(1, 1, 1)
bones/35/name = "MCH-shin_tweak.L.001"
bones/35/parent = 27
bones/35/rest = Transform3D(0.950193, 2.0784e-08, 0.311662, -9.34646e-09, 1, -3.81923e-08, -0.311662, 3.33771e-08, 0.950193, -9.31323e-09, 0.172809, -1.86265e-09)
bones/35/enabled = true
bones/35/position = Vector3(-9.31323e-09, 0.172809, -1.86265e-09)
bones/35/rotation = Quaternion(8.83445e-08, 0.101271, -7.80145e-10, 0.994859)
bones/35/scale = Vector3(1.00947, 1.00947, 1.00947)
bones/36/name = "shin_tweak.L.001"
bones/36/parent = 35
bones/36/rest = Transform3D(0.950193, -2.00554e-08, -0.311662, 2.59942e-08, 1, 1.49011e-08, 0.311662, -2.22603e-08, 0.950193, 1.39698e-09, -1.85316e-08, -2.79397e-09)
bones/36/enabled = true
bones/36/position = Vector3(1.39698e-09, -1.85316e-08, -2.79397e-09)
bones/36/rotation = Quaternion(-9.40823e-09, -0.157808, 1.16585e-08, 0.98747)
bones/36/scale = Vector3(1, 1, 1)
bones/37/name = "MCH-thigh_parent_widget.L"
bones/37/parent = 26
bones/37/rest = Transform3D(1, -7.07805e-08, 1.40397e-07, 7.07805e-08, 1, -1.93715e-07, -1.40397e-07, 1.93715e-07, 1, 2.79397e-09, -5.11063e-08, 1.30385e-08)
bones/37/enabled = true
bones/37/position = Vector3(2.79397e-09, -5.11063e-08, 1.30385e-08)
bones/37/rotation = Quaternion(9.68575e-08, 7.01984e-08, 3.53903e-08, 1)
bones/37/scale = Vector3(1.00702, 1.00702, 1.00702)
bones/38/name = "MCH-thigh_tweak.L.001"
bones/38/parent = 26
bones/38/rest = Transform3D(1, 3.1665e-08, 7.68341e-09, -3.1665e-08, 1, 9.31323e-08, -7.68341e-09, -9.31323e-08, 1, 1.86265e-09, 0.231801, 1.67638e-08)
bones/38/enabled = true
bones/38/position = Vector3(1.86265e-09, 0.231801, 1.67638e-08)
bones/38/rotation = Quaternion(2.02521e-07, -0.0668826, 4.3769e-09, 0.997761)
bones/38/scale = Vector3(1.00702, 1.00702, 1.00702)
bones/39/name = "thigh_tweak.L.001"
bones/39/parent = 38
bones/39/rest = Transform3D(1, -7.45058e-09, 7.91624e-09, 7.45058e-09, 1, -6.70552e-08, -7.91624e-09, 6.70552e-08, 1, 5.58794e-09, 1.97324e-08, -5.58794e-09)
bones/39/enabled = true
bones/39/position = Vector3(5.58794e-09, 1.97324e-08, -5.58794e-09)
bones/39/rotation = Quaternion(3.35276e-08, 3.95812e-09, 3.72529e-09, 1)
bones/39/scale = Vector3(1, 1, 1)
bones/40/name = "ORG-thigh.R"
bones/40/parent = 21
bones/40/rest = Transform3D(0.759538, -0.113105, 0.640554, 0.139845, -0.933343, -0.330626, 0.635252, 0.340702, -0.693092, -0.0660152, 0.0502677, 0.0278154)
bones/40/enabled = true
bones/40/position = Vector3(-0.0660152, 0.0502677, 0.0278154)
bones/40/rotation = Quaternion(0.948497, -0.0182642, 0.219259, 0.227914)
bones/40/scale = Vector3(0.99303, 0.99303, 0.99303)
bones/41/name = "ORG-shin.R"
bones/41/parent = 40
bones/41/rest = Transform3D(1, 5.36678e-08, -5.07456e-08, -6.16741e-08, 0.984766, -0.173884, 4.06405e-08, 0.173884, 0.984766, 0, 0.463601, 9.31323e-09)
bones/41/enabled = true
bones/41/position = Vector3(0, 0.463601, 9.31323e-09)
bones/41/rotation = Quaternion(0.190681, -3.69065e-08, -2.6992e-08, 0.981652)
bones/41/scale = Vector3(0.99735, 0.99735, 0.99735)
bones/42/name = "ORG-foot.R"
bones/42/parent = 41
bones/42/rest = Transform3D(0.759321, 0.615153, -0.212176, 0.000969648, 0.324996, 0.945715, 0.650716, -0.718307, 0.246179, 1.86265e-09, 0.345618, -3.72529e-09)
bones/42/enabled = true
bones/42/position = Vector3(1.86265e-09, 0.345618, -3.72529e-09)
bones/42/rotation = Quaternion(-0.616687, -0.179521, -0.12743, 0.755798)
bones/42/scale = Vector3(1.00947, 1.00947, 1.00947)
bones/43/name = "ORG-toe.R"
bones/43/parent = 42
bones/43/rest = Transform3D(-1, -0.000381185, -0.000951627, -1.04599e-07, 0.928335, -0.371745, 0.00102513, -0.371745, -0.928334, 7.1268e-09, 0.216074, 1.10595e-09)
bones/43/enabled = true
bones/43/position = Vector3(8.6848e-06, 0.216013, -0.000152403)
bones/43/rotation = Quaternion(-9.7085e-05, 0.98192, -0.189295, -0.000503458)
bones/43/scale = Vector3(1, 1, 1)
bones/44/name = "ORG-heel.02.R"
bones/44/parent = 42
bones/44/rest = Transform3D(-0.000951767, -0.999999, -0.000381058, -0.371745, 6.55552e-08, 0.928335, -0.928334, 0.00102521, -0.371745, 0.0524493, -0.000548552, 0.139864)
bones/44/enabled = true
bones/44/position = Vector3(0.0524493, -0.000548552, 0.139864)
bones/44/rotation = Quaternion(-0.585404, 0.585811, 0.396613, 0.396012)
bones/44/scale = Vector3(1, 1, 1)
bones/45/name = "MCH-foot_tweak.R"
bones/45/parent = 42
bones/45/rest = Transform3D(1, -2.99104e-08, -2.85509e-07, 2.99104e-08, 1, -2.97421e-08, 2.85509e-07, 2.97421e-08, 1, 6.22595e-09, 3.16087e-08, 8.98217e-08)
bones/45/enabled = true
bones/45/position = Vector3(6.22595e-09, 3.16087e-08, 8.98217e-08)
bones/45/rotation = Quaternion(1.48711e-08, -1.42754e-07, 1.49552e-08, 1)
bones/45/scale = Vector3(1, 1, 1)
bones/46/name = "foot_tweak.R"
bones/46/parent = 45
bones/46/rest = Transform3D(1, 6.53693e-11, -1.45519e-11, -6.53693e-11, 1, 7.55702e-11, 1.45519e-11, -7.55702e-11, 1, 6.90943e-09, -1.23448e-08, 2.34286e-09)
bones/46/enabled = true
bones/46/position = Vector3(6.90943e-09, -1.23448e-08, 2.34286e-09)
bones/46/rotation = Quaternion(-3.77851e-11, -7.27596e-12, -3.26846e-11, 1)
bones/46/scale = Vector3(1, 1, 1)
bones/47/name = "MCH-shin_tweak.R"
bones/47/parent = 41
bones/47/rest = Transform3D(1, -2.14531e-08, -1.74623e-10, 2.14531e-08, 1, -2.41913e-08, 1.74623e-10, 2.41913e-08, 1, 1.86265e-09, 8.44011e-08, -1.49012e-08)
bones/47/enabled = true
bones/47/position = Vector3(1.86265e-09, 8.44011e-08, -1.49012e-08)
bones/47/rotation = Quaternion(1.20956e-08, -8.73115e-11, 1.07266e-08, 1)
bones/47/scale = Vector3(1.00947, 1.00947, 1.00947)
bones/48/name = "shin_tweak.R"
bones/48/parent = 47
bones/48/rest = Transform3D(1, 2.57539e-08, -6.40284e-10, -2.57539e-08, 1, 5.44248e-10, 6.40284e-10, -5.44248e-10, 1, -9.31323e-10, -3.55189e-08, -1.86265e-09)
bones/48/enabled = true
bones/48/position = Vector3(-9.31323e-10, -3.55189e-08, -1.86265e-09)
bones/48/rotation = Quaternion(-2.72124e-10, -3.20142e-10, -1.28769e-08, 1)
bones/48/scale = Vector3(1, 1, 1)
bones/49/name = "MCH-shin_tweak.R.001"
bones/49/parent = 41
bones/49/rest = Transform3D(0.949908, -2.13979e-08, -0.312529, 8.73262e-09, 1, -4.19246e-08, 0.312529, 3.70954e-08, 0.949908, 9.31323e-09, 0.172809, -1.86265e-09)
bones/49/enabled = true
bones/49/position = Vector3(9.31323e-09, 0.172809, -1.86265e-09)
bones/49/rotation = Quaternion(6.50346e-08, -0.101692, 4.87235e-09, 0.994816)
bones/49/scale = Vector3(1.00947, 1.00947, 1.00947)
bones/50/name = "shin_tweak.R.001"
bones/50/parent = 49
bones/50/rest = Transform3D(0.949908, 1.82224e-08, 0.31253, -2.16081e-08, 1, 7.37002e-09, -0.31253, -1.3754e-08, 0.949908, -2.09548e-08, 1.13167e-08, -9.31323e-10)
bones/50/enabled = true
bones/50/position = Vector3(-2.09548e-08, 1.13167e-08, -9.31323e-10)
bones/50/rotation = Quaternion(-5.34841e-09, 0.158259, -1.00847e-08, 0.987398)
bones/50/scale = Vector3(1, 1, 1)
bones/51/name = "MCH-thigh_parent_widget.R"
bones/51/parent = 40
bones/51/rest = Transform3D(1, 7.07805e-08, -1.40397e-07, -7.07805e-08, 1, -1.93715e-07, 1.40397e-07, 1.93715e-07, 1, -2.79397e-09, -5.11063e-08, 1.30385e-08)
bones/51/enabled = true
bones/51/position = Vector3(-2.79397e-09, -5.11063e-08, 1.30385e-08)
bones/51/rotation = Quaternion(9.68575e-08, -7.01984e-08, -3.53903e-08, 1)
bones/51/scale = Vector3(1.00702, 1.00702, 1.00702)
bones/52/name = "MCH-thigh_tweak.R.001"
bones/52/parent = 40
bones/52/rest = Transform3D(1, -3.1665e-08, -7.91624e-09, 3.1665e-08, 1, 9.31323e-08, 7.91624e-09, -9.31323e-08, 1, -1.86265e-09, 0.231801, 1.67638e-08)
bones/52/enabled = true
bones/52/position = Vector3(-1.86265e-09, 0.231801, 1.67638e-08)
bones/52/rotation = Quaternion(3.85839e-07, 0.0668826, -1.65157e-08, 0.997761)
bones/52/scale = Vector3(1.00702, 1.00702, 1.00702)
bones/53/name = "thigh_tweak.R.001"
bones/53/parent = 52
bones/53/rest = Transform3D(1, 5.58794e-09, -8.14907e-09, -5.58794e-09, 1, -6.70552e-08, 8.14907e-09, 6.70552e-08, 1, -5.58794e-09, 1.97324e-08, -5.58794e-09)
bones/53/enabled = true
bones/53/position = Vector3(-5.58794e-09, 1.97324e-08, -5.58794e-09)
bones/53/rotation = Quaternion(3.35276e-08, -4.07454e-09, -2.79397e-09, 1)
bones/53/scale = Vector3(1, 1, 1)
bones/54/name = "thigh_parent.L"
bones/54/parent = 21
bones/54/rest = Transform3D(0.986053, 0.113105, 0.122099, 0.147581, -0.933343, -0.327247, 0.0769466, 0.340702, -0.937019, 0.0660152, 0.0502677, 0.0278154)
bones/54/enabled = true
bones/54/position = Vector3(0.0660152, 0.0502677, 0.0278154)
bones/54/rotation = Quaternion(0.981888, 0.0663737, 0.0506792, 0.170067)
bones/54/scale = Vector3(1, 1, 1)
bones/55/name = "MCH-thigh_parent.L"
bones/55/parent = 21
bones/55/rest = Transform3D(1, 0, 0, 0, -0.263421, 0.964681, 0, -0.964681, -0.263421, 0.0660152, 0.0502677, 0.0278154)
bones/55/enabled = true
bones/55/position = Vector3(0.0660152, 0.0502677, 0.0278154)
bones/55/rotation = Quaternion(-0.794802, 0, 0, 0.606869)
bones/55/scale = Vector3(1, 1, 1)
bones/56/name = "thigh_fk.L"
bones/56/parent = 55
bones/56/rest = Transform3D(0.759538, 0.113105, -0.640554, 0.649654, -0.0828064, 0.755707, 0.0324326, -0.990127, -0.136374, 0, -2.874e-10, 3.46015e-10)
bones/56/enabled = true
bones/56/position = Vector3(0, -2.874e-10, 3.46015e-10)
bones/56/rotation = Quaternion(-0.703335, -0.271123, 0.216157, 0.620556)
bones/56/scale = Vector3(1, 1, 1)
bones/57/name = "shin_fk.L"
bones/57/parent = 56
bones/57/rest = Transform3D(1, -7.56934e-08, 1.11212e-07, 9.38784e-08, 0.984766, -0.173884, -9.63562e-08, 0.173884, 0.984766, 4.65661e-09, 0.463601, -1.30385e-08)
bones/57/enabled = true
bones/57/position = Vector3(4.65661e-09, 0.463601, -1.30385e-08)
bones/57/rotation = Quaternion(0.0872751, 5.20909e-08, 4.25553e-08, 0.996184)
bones/57/scale = Vector3(1, 1, 1)
bones/58/name = "MCH-foot_fk.L"
bones/58/parent = 57
bones/58/rest = Transform3D(0.759753, -0.615153, 0.210624, 0.000963062, 0.324996, 0.945715, -0.650211, -0.718307, 0.247509, 1.86265e-09, 0.345618, -7.91624e-09)
bones/58/enabled = true
bones/58/position = Vector3(1.86265e-09, 0.345618, -7.91624e-09)
bones/58/rotation = Quaternion(-0.544805, 0.28184, 0.201718, 0.763586)
bones/58/scale = Vector3(1, 1, 1)
bones/59/name = "foot_fk.L"
bones/59/parent = 58
bones/59/rest = Transform3D(1, 1.15551e-11, 1.35331e-06, -1.14946e-11, 1, -4.46721e-08, -1.35331e-06, 4.46721e-08, 1, 1.34651e-09, -8.25699e-09, -3.63798e-11)
bones/59/enabled = true
bones/59/position = Vector3(1.34651e-09, -8.25699e-09, -3.63798e-11)
bones/59/rotation = Quaternion(2.2336e-08, 6.76657e-07, -5.76243e-12, 1)
bones/59/scale = Vector3(1, 1, 1)
bones/60/name = "MCH-toe_fk.L"
bones/60/parent = 59
bones/60/rest = Transform3D(-1, -0.000378073, -0.00094436, 8.29459e-08, 0.928335, -0.371745, 0.00101723, -0.371745, -0.928334, 5.16957e-09, 0.216073, -3.87809e-09)
bones/60/enabled = true
bones/60/position = Vector3(5.16957e-09, 0.216073, -3.87809e-09)
bones/60/rotation = Quaternion(-9.62621e-05, 0.98192, -0.189295, -0.000499422)
bones/60/scale = Vector3(1, 1, 1)
bones/61/name = "toe_fk.L"
bones/61/parent = 60
bones/61/rest = Transform3D(1, 1.45535e-10, -7.17649e-08, -1.45531e-10, 1, 5.96046e-08, 7.17649e-08, -5.96046e-08, 1, -3.51487e-09, -8.32704e-09, -6.66015e-09)
bones/61/enabled = true
bones/61/position = Vector3(-3.51487e-09, -8.32704e-09, -6.66015e-09)
bones/61/rotation = Quaternion(-2.98023e-08, -3.58824e-08, -7.27667e-11, 1)
bones/61/scale = Vector3(1, 1, 1)
bones/62/name = "MCH-thigh_ik_swing.L"
bones/62/parent = 55
bones/62/rest = Transform3D(0.725362, 0.0650408, -0.685288, 0.687748, -0.026242, 0.725475, 0.0292022, -0.997538, -0.0637666, 0, -2.874e-10, 3.46015e-10)
bones/62/enabled = true
bones/62/position = Vector3(0, -2.874e-10, 3.46015e-10)
bones/62/rotation = Quaternion(-0.674162, -0.27988, 0.24293, 0.638872)
bones/62/scale = Vector3(1, 1, 1)
bones/63/name = "thigh_ik.L"
bones/63/parent = 62
bones/63/rest = Transform3D(0.998685, -0.00382132, 0.0511201, -3.01516e-08, 0.997218, 0.0745445, -0.0512627, -0.0744465, 0.995906, -9.31323e-10, -4.092e-08, -9.31323e-10)
bones/63/enabled = true
bones/63/position = Vector3(-9.31323e-10, -4.092e-08, -9.31323e-10)
bones/63/rotation = Quaternion(-0.0805339, 0.157797, 0.0129131, 0.984098)
bones/63/scale = Vector3(0.99303, 0.99303, 0.99303)
bones/64/name = "MCH-shin_ik.L"
bones/64/parent = 63
bones/64/rest = Transform3D(1, -5.49701e-08, 1.11274e-07, 7.34814e-08, 0.984766, -0.173884, -1.0002e-07, 0.173884, 0.984766, 6.51926e-09, 0.463601, 0)
bones/64/enabled = true
bones/64/position = Vector3(6.51926e-09, 0.463601, 0)
bones/64/rotation = Quaternion(0.190681, 2.50832e-08, 2.27079e-08, 0.981652)
bones/64/scale = Vector3(0.99735, 0.99735, 0.99735)
bones/65/name = "MCH-thigh_tweak.L"
bones/65/parent = 21
bones/65/rest = Transform3D(0.759538, 0.113105, -0.640556, -0.139846, -0.933343, -0.330627, -0.635253, 0.340702, -0.693093, 0.0660152, 0.0502677, 0.0278154)
bones/65/enabled = true
bones/65/position = Vector3(0.0660152, 0.0502677, 0.0278154)
bones/65/rotation = Quaternion(0.91118, -0.0120303, -0.342743, 0.228328)
bones/65/scale = Vector3(1, 1, 1)
bones/66/name = "thigh_tweak.L"
bones/66/parent = 65
bones/66/rest = Transform3D(1, -9.31323e-09, -1.00117e-08, 9.31323e-09, 1, -7.82311e-08, 1.00117e-08, 7.82311e-08, 1, -1.44355e-08, 5.92554e-08, -2.42144e-08)
bones/66/enabled = true
bones/66/position = Vector3(-1.44355e-08, 5.92554e-08, -2.42144e-08)
bones/66/rotation = Quaternion(3.91155e-08, -5.00586e-09, 4.65661e-09, 1)
bones/66/scale = Vector3(1, 1, 1)
bones/67/name = "DEF-thigh.L"
bones/67/parent = 21
bones/67/rest = Transform3D(0.759538, 0.113105, -0.640554, -0.139846, -0.933343, -0.330626, -0.635252, 0.340702, -0.693092, 0.0660152, 0.0502677, 0.0278154)
bones/67/enabled = true
bones/67/position = Vector3(0.0660152, 0.0502677, 0.0278154)
bones/67/rotation = Quaternion(0.91118, -0.0120304, -0.342743, 0.228328)
bones/67/scale = Vector3(1.00351, 0.993021, 1.00351)
bones/68/name = "DEF-thigh.L.001"
bones/68/parent = 67
bones/68/rest = Transform3D(1, 1.67638e-08, 1.02213e-07, -1.67638e-08, 1, -8.56737e-16, -1.02213e-07, -8.56737e-16, 1, 1.67638e-08, 0.231801, 1.72295e-08)
bones/68/enabled = true
bones/68/position = Vector3(1.67638e-08, 0.231801, 1.72295e-08)
bones/68/rotation = Quaternion(1.05763e-08, 0.065674, -2.41864e-08, 0.997841)
bones/68/scale = Vector3(1, 1, 1)
bones/69/name = "DEF-shin.L"
bones/69/parent = 68
bones/69/rest = Transform3D(1, -8.96897e-08, -1.23939e-07, 6.67724e-08, 0.984766, -0.173884, 1.37646e-07, 0.173884, 0.984766, 9.31323e-09, 0.231801, -1.11759e-08)
bones/69/enabled = true
bones/69/position = Vector3(9.31323e-09, 0.231801, -1.11759e-08)
bones/69/rotation = Quaternion(0.190268, 0.0655858, -0.0126413, 0.979457)
bones/69/scale = Vector3(1.00122, 0.996063, 1.00275)
bones/70/name = "DEF-shin.L.001"
bones/70/parent = 69
bones/70/rest = Transform3D(1, 2.51186e-08, 1.18744e-07, -2.51186e-08, 1, -2.36978e-08, -1.18744e-07, 2.36978e-08, 1, 1.86265e-09, 0.172809, -1.02445e-08)
bones/70/enabled = true
bones/70/position = Vector3(1.86265e-09, 0.172809, -1.02445e-08)
bones/70/rotation = Quaternion(8.25641e-10, -0.0570061, 1.31545e-08, 0.998374)
bones/70/scale = Vector3(1, 1, 1)
bones/71/name = "DEF-foot.L"
bones/71/parent = 70
bones/71/rest = Transform3D(0.759752, -0.615153, 0.210625, 0.00096181, 0.324995, 0.945715, -0.650212, -0.718307, 0.247508, 1.86265e-09, 0.172809, -2.79397e-09)
bones/71/enabled = true
bones/71/position = Vector3(1.86265e-09, 0.172809, -2.79397e-09)
bones/71/rotation = Quaternion(-0.608568, 0.221571, 0.16302, 0.744296)
bones/71/scale = Vector3(0.99545, 0.995637, 1.00899)
bones/72/name = "DEF-toe.L"
bones/72/parent = 71
bones/72/rest = Transform3D(-0.999999, -0.000378089, -0.000944356, 6.70698e-08, 0.928335, -0.371745, 0.00101723, -0.371745, -0.928334, -7.57791e-09, 0.216073, 5.93718e-09)
bones/72/enabled = true
bones/72/position = Vector3(-7.57791e-09, 0.216073, 5.93718e-09)
bones/72/rotation = Quaternion(-7.60106e-05, 0.981987, -0.188948, -0.000503166)
bones/72/scale = Vector3(0.99986, 1.00022, 0.99992)
bones/73/name = "thigh_parent.R"
bones/73/parent = 21
bones/73/rest = Transform3D(0.986053, -0.113105, -0.122099, -0.147581, -0.933343, -0.327247, -0.0769466, 0.340702, -0.937019, -0.0660152, 0.0502677, 0.0278154)
bones/73/enabled = true
bones/73/position = Vector3(-0.0660152, 0.0502677, 0.0278154)
bones/73/rotation = Quaternion(0.981888, -0.0663737, -0.0506792, 0.170067)
bones/73/scale = Vector3(1, 1, 1)
bones/74/name = "MCH-thigh_parent.R"
bones/74/parent = 21
bones/74/rest = Transform3D(1, 0, 0, 0, -0.263421, 0.964681, 0, -0.964681, -0.263421, -0.0660152, 0.0502677, 0.0278154)
bones/74/enabled = true
bones/74/position = Vector3(-0.0660152, 0.0502677, 0.0278154)
bones/74/rotation = Quaternion(-0.794802, 0, 0, 0.606869)
bones/74/scale = Vector3(1, 1, 1)
bones/75/name = "thigh_fk.R"
bones/75/parent = 74
bones/75/rest = Transform3D(0.759538, -0.113105, 0.640554, -0.649654, -0.0828064, 0.755707, -0.0324326, -0.990127, -0.136374, 0, -2.874e-10, 3.46015e-10)
bones/75/enabled = true
bones/75/position = Vector3(0, -2.874e-10, 3.46015e-10)
bones/75/rotation = Quaternion(-0.703335, 0.271123, -0.216157, 0.620556)
bones/75/scale = Vector3(1, 1, 1)
bones/76/name = "shin_fk.R"
bones/76/parent = 75
bones/76/rest = Transform3D(1, 7.56934e-08, -1.11212e-07, -9.38784e-08, 0.984766, -0.173884, 9.63562e-08, 0.173884, 0.984766, -4.65661e-09, 0.463601, -1.30385e-08)
bones/76/enabled = true
bones/76/position = Vector3(-4.65661e-09, 0.463601, -1.30385e-08)
bones/76/rotation = Quaternion(0.0872751, -5.20909e-08, -4.25553e-08, 0.996184)
bones/76/scale = Vector3(1, 1, 1)
bones/77/name = "MCH-foot_fk.R"
bones/77/parent = 76
bones/77/rest = Transform3D(0.759321, 0.615153, -0.212176, 0.000968754, 0.324996, 0.945715, 0.650716, -0.718307, 0.24618, -1.86265e-09, 0.345618, -7.91624e-09)
bones/77/enabled = true
bones/77/position = Vector3(-1.86265e-09, 0.345618, -7.91624e-09)
bones/77/rotation = Quaternion(-0.54501, -0.282619, -0.201161, 0.763298)
bones/77/scale = Vector3(1, 1, 1)
bones/78/name = "foot_fk.R"
bones/78/parent = 77
bones/78/rest = Transform3D(1, -1.30508e-11, -1.32888e-06, 1.29914e-11, 1, -4.47284e-08, 1.32888e-06, 4.47283e-08, 1, 7.58632e-09, 1.7107e-09, -6.4756e-09)
bones/78/enabled = true
bones/78/position = Vector3(7.58632e-09, 1.7107e-09, -6.4756e-09)
bones/78/rotation = Quaternion(2.23642e-08, -6.6444e-07, 6.51056e-12, 1)
bones/78/scale = Vector3(1, 1, 1)
bones/79/name = "MCH-toe_fk.R"
bones/79/parent = 78
bones/79/rest = Transform3D(-1, -0.000381264, -0.00095185, -9.44565e-08, 0.928335, -0.371745, 0.00102537, -0.371745, -0.928334, -6.4756e-10, 0.216073, 5.23869e-10)
bones/79/enabled = true
bones/79/position = Vector3(-6.4756e-10, 0.216073, 5.23869e-10)
bones/79/rotation = Quaternion(-9.7067e-05, 0.98192, -0.189295, -0.000503412)
bones/79/scale = Vector3(1, 1, 1)
bones/80/name = "toe_fk.R"
bones/80/parent = 79
bones/80/rest = Transform3D(1, -8.72709e-11, 1.03139e-07, 8.72862e-11, 1, -1.49012e-07, -1.03139e-07, 1.49012e-07, 1, -2.37477e-09, 8.1082e-09, -4.73367e-10)
bones/80/enabled = true
bones/80/position = Vector3(-2.37477e-09, 8.1082e-09, -4.73367e-10)
bones/80/rotation = Quaternion(7.45058e-08, 5.15694e-08, 4.36393e-11, 1)
bones/80/scale = Vector3(1, 1, 1)
bones/81/name = "MCH-thigh_ik_swing.R"
bones/81/parent = 74
bones/81/rest = Transform3D(0.725362, -0.0650408, 0.685288, -0.687748, -0.026242, 0.725475, -0.0292022, -0.997538, -0.0637666, 0, -2.874e-10, 3.46015e-10)
bones/81/enabled = true
bones/81/position = Vector3(0, -2.874e-10, 3.46015e-10)
bones/81/rotation = Quaternion(-0.674162, 0.27988, -0.24293, 0.638872)
bones/81/scale = Vector3(1, 1, 1)
bones/82/name = "thigh_ik.R"
bones/82/parent = 81
bones/82/rest = Transform3D(0.998685, 0.00382132, -0.0511201, 3.01516e-08, 0.997218, 0.0745445, 0.0512627, -0.0744465, 0.995906, 9.31323e-10, -4.092e-08, -9.31323e-10)
bones/82/enabled = true
bones/82/position = Vector3(9.31323e-10, -4.092e-08, -9.31323e-10)
bones/82/rotation = Quaternion(-0.0805339, -0.157797, -0.0129131, 0.984098)
bones/82/scale = Vector3(0.99303, 0.99303, 0.99303)
bones/83/name = "MCH-shin_ik.R"
bones/83/parent = 82
bones/83/rest = Transform3D(1, 5.49701e-08, -1.11274e-07, -7.34814e-08, 0.984766, -0.173884, 1.0002e-07, 0.173884, 0.984766, -6.51926e-09, 0.463601, 0)
bones/83/enabled = true
bones/83/position = Vector3(-6.51926e-09, 0.463601, 0)
bones/83/rotation = Quaternion(0.190681, -2.50832e-08, -2.27079e-08, 0.981652)
bones/83/scale = Vector3(0.99735, 0.99735, 0.99735)
bones/84/name = "MCH-thigh_tweak.R"
bones/84/parent = 21
bones/84/rest = Transform3D(0.759538, -0.113105, 0.640556, 0.139846, -0.933343, -0.330627, 0.635253, 0.340702, -0.693093, -0.0660152, 0.0502677, 0.0278154)
bones/84/enabled = true
bones/84/position = Vector3(-0.0660152, 0.0502677, 0.0278154)
bones/84/rotation = Quaternion(0.91118, 0.0120303, 0.342743, 0.228328)
bones/84/scale = Vector3(1, 1, 1)
bones/85/name = "thigh_tweak.R"
bones/85/parent = 84
bones/85/rest = Transform3D(1, 9.31323e-09, 1.00117e-08, -9.31323e-09, 1, -7.82311e-08, -1.00117e-08, 7.82311e-08, 1, 1.44355e-08, 5.92554e-08, -2.42144e-08)
bones/85/enabled = true
bones/85/position = Vector3(1.44355e-08, 5.92554e-08, -2.42144e-08)
bones/85/rotation = Quaternion(3.91155e-08, 5.00586e-09, -4.65661e-09, 1)
bones/85/scale = Vector3(1, 1, 1)
bones/86/name = "DEF-thigh.R"
bones/86/parent = 21
bones/86/rest = Transform3D(0.759538, -0.113105, 0.640554, 0.139846, -0.933343, -0.330626, 0.635252, 0.340702, -0.693092, -0.0660152, 0.0502677, 0.0278154)
bones/86/enabled = true
bones/86/position = Vector3(-0.0660152, 0.0502677, 0.0278154)
bones/86/rotation = Quaternion(0.91118, 0.0120304, 0.342743, 0.228328)
bones/86/scale = Vector3(1.00351, 0.993021, 1.00351)
bones/87/name = "DEF-thigh.R.001"
bones/87/parent = 86
bones/87/rest = Transform3D(1, -1.67638e-08, -1.02213e-07, 1.67638e-08, 1, -8.56737e-16, 1.02213e-07, -8.56737e-16, 1, -1.67638e-08, 0.231801, 1.72295e-08)
bones/87/enabled = true
bones/87/position = Vector3(-1.67638e-08, 0.231801, 1.72295e-08)
bones/87/rotation = Quaternion(1.65498e-08, -0.0657028, 2.55351e-08, 0.997839)
bones/87/scale = Vector3(1, 1, 1)
bones/88/name = "DEF-shin.R"
bones/88/parent = 87
bones/88/rest = Transform3D(1, 8.96897e-08, 1.23939e-07, -6.67724e-08, 0.984766, -0.173884, -1.37646e-07, 0.173884, 0.984766, -9.31323e-09, 0.231801, -1.11759e-08)
bones/88/enabled = true
bones/88/position = Vector3(-9.31323e-09, 0.231801, -1.11759e-08)
bones/88/rotation = Quaternion(0.190268, -0.0655858, 0.0126413, 0.979457)
bones/88/scale = Vector3(1.00122, 0.996064, 1.00275)
bones/89/name = "DEF-shin.R.001"
bones/89/parent = 88
bones/89/rest = Transform3D(1, -2.51186e-08, -1.18744e-07, 2.51186e-08, 1, -2.36978e-08, 1.18744e-07, 2.36978e-08, 1, -1.86265e-09, 0.172809, -1.02445e-08)
bones/89/enabled = true
bones/89/position = Vector3(-1.86265e-09, 0.172809, -1.02445e-08)
bones/89/rotation = Quaternion(2.76567e-08, 0.0570584, 1.1258e-08, 0.998371)
bones/89/scale = Vector3(1, 1, 1)
bones/90/name = "DEF-foot.R"
bones/90/parent = 89
bones/90/rest = Transform3D(0.759321, 0.615153, -0.212177, 0.000969976, 0.324995, 0.945715, 0.650716, -0.718307, 0.246179, -1.86265e-09, 0.172809, -2.79397e-09)
bones/90/enabled = true
bones/90/position = Vector3(-1.86265e-09, 0.172809, -2.79397e-09)
bones/90/rotation = Quaternion(-0.608732, -0.222339, -0.162404, 0.744067)
bones/90/scale = Vector3(0.995451, 0.995637, 1.00898)
bones/91/name = "DEF-toe.R"
bones/91/parent = 90
bones/91/rest = Transform3D(-1, -0.000381241, -0.000951855, -7.13335e-08, 0.928335, -0.371745, 0.00102536, -0.371745, -0.928334, -4.51109e-10, 0.216073, -6.27915e-09)
bones/91/enabled = true
bones/91/position = Vector3(-4.51109e-10, 0.216073, -6.27915e-09)
bones/91/rotation = Quaternion(-0.000117019, 0.981987, -0.188948, -0.00049976)
bones/91/scale = Vector3(0.99986, 1.00022, 0.99992)
bones/92/name = "tweak_spine.001"
bones/92/parent = 19
bones/92/rest = Transform3D(1, 0, 0, 0, 0.990755, 0.135663, 0, -0.135663, 0.990755, 0, -6.98492e-09, -9.31323e-09)
bones/92/enabled = true
bones/92/position = Vector3(0, -6.98492e-09, -9.31323e-09)
bones/92/rotation = Quaternion(-0.0679891, 0, 0, 0.997686)
bones/92/scale = Vector3(1, 1, 1)
bones/93/name = "ORG-spine.001"
bones/93/parent = 92
bones/93/rest = Transform3D(1, 0, 0, 0, 1, -4.47035e-08, 0, 4.47035e-08, 1, 0, 2.32831e-08, 1.86265e-09)
bones/93/enabled = true
bones/93/position = Vector3(0, 2.32831e-08, 1.86265e-09)
bones/93/rotation = Quaternion(2.23517e-08, 0, 0, 1)
bones/93/scale = Vector3(1, 1, 1)
bones/94/name = "MCH-WGT-hips"
bones/94/parent = 19
bones/94/rest = Transform3D(1, 0, 0, 0, 1, -2.08616e-07, 0, 2.08616e-07, 1, 0, -0.13507, -3.72529e-08)
bones/94/enabled = true
bones/94/position = Vector3(0, -0.13507, -3.72529e-08)
bones/94/rotation = Quaternion(1.04308e-07, 0, 0, 1)
bones/94/scale = Vector3(1, 1, 1)
bones/95/name = "MCH-spine.002"
bones/95/parent = 13
bones/95/rest = Transform3D(1, 0, 0, 0, 1, 0, 0, 0, 1, 0, -0.0335203, 0.185018)
bones/95/enabled = true
bones/95/position = Vector3(0, -0.0335203, 0.185018)
bones/95/rotation = Quaternion(0, 0, 0, 1)
bones/95/scale = Vector3(1, 1, 1)
