[gd_scene load_steps=29 format=3 uid="uid://c2jrxrxfi6r7d"]

[ext_resource type="Script" uid="uid://d4jcynbprdal7" path="res://character/scripts/character_model.gd" id="1_65fbn"]
[ext_resource type="Animation" uid="uid://ce7hynh76jyii" path="res://resources/animations/FightIdle.res" id="2_y220p"]
[ext_resource type="Animation" uid="uid://b61p8hej6r4my" path="res://resources/animations/Idle.res" id="3_yq1x2"]
[ext_resource type="Animation" uid="uid://bk7ft3p218mg7" path="res://resources/animations/Jump.res" id="4_ivyc5"]
[ext_resource type="Animation" uid="uid://cu6bybtp60uyd" path="res://resources/animations/Land.res" id="5_30u10"]
[ext_resource type="Animation" uid="uid://bf3ei6kwmeb0o" path="res://resources/animations/Punch1End.res" id="6_2pfil"]
[ext_resource type="Animation" uid="uid://c3mo7l6u7e686" path="res://resources/animations/Punch1Start.res" id="7_2cwkw"]
[ext_resource type="Animation" uid="uid://y86gc7fny3nn" path="res://resources/animations/Punch2Start.res" id="8_3ybyl"]
[ext_resource type="Animation" uid="uid://qtxw2lvop6hj" path="res://resources/animations/Run.res" id="9_2jlbv"]
[ext_resource type="Animation" uid="uid://ba5pxn68ci5ig" path="res://resources/animations/Walk.res" id="10_qq571"]
[ext_resource type="Animation" uid="uid://c26jqds7nt5si" path="res://resources/animations/_TPose.res" id="11_qvp1s"]
[ext_resource type="Animation" uid="uid://2alavoim88wc" path="res://resources/animations/Fall.res" id="12_yq1x2"]

[sub_resource type="BoxMesh" id="BoxMesh_nis8b"]
size = Vector3(0.2, 0.2, 1)

[sub_resource type="SphereShape3D" id="SphereShape3D_65fbn"]
radius = 0.1

[sub_resource type="SphereMesh" id="SphereMesh_nis8b"]
radius = 0.1
height = 0.2

[sub_resource type="SphereShape3D" id="SphereShape3D_4xcvv"]
radius = 0.1

[sub_resource type="SphereMesh" id="SphereMesh_mstlb"]
radius = 0.1
height = 0.2

[sub_resource type="CapsuleShape3D" id="CapsuleShape3D_nis8b"]
radius = 0.1
height = 0.4

[sub_resource type="CapsuleMesh" id="CapsuleMesh_b6qoi"]
radius = 0.07
height = 0.4

[sub_resource type="CapsuleShape3D" id="CapsuleShape3D_ldqqv"]
radius = 0.1
height = 0.4

[sub_resource type="AnimationLibrary" id="AnimationLibrary_vw83s"]
_data = {
&"Fall": ExtResource("12_yq1x2"),
&"FightIdle": ExtResource("2_y220p"),
&"Idle": ExtResource("3_yq1x2"),
&"Jump": ExtResource("4_ivyc5"),
&"Land": ExtResource("5_30u10"),
&"Punch1End": ExtResource("6_2pfil"),
&"Punch1Start": ExtResource("7_2cwkw"),
&"Punch2Start": ExtResource("8_3ybyl"),
&"Run": ExtResource("9_2jlbv"),
&"Walk": ExtResource("10_qq571"),
&"_TPose": ExtResource("11_qvp1s")
}

[sub_resource type="AnimationNodeAnimation" id="AnimationNodeAnimation_70xuj"]
animation = &"Idle"

[sub_resource type="AnimationNodeAnimation" id="AnimationNodeAnimation_65fbn"]
animation = &"Walk"

[sub_resource type="AnimationNodeAnimation" id="AnimationNodeAnimation_nis8b"]
animation = &"Run"

[sub_resource type="AnimationNodeBlendSpace1D" id="AnimationNodeBlendSpace1D_vcy5j"]
blend_point_0/node = SubResource("AnimationNodeAnimation_70xuj")
blend_point_0/pos = 0.0
blend_point_1/node = SubResource("AnimationNodeAnimation_65fbn")
blend_point_1/pos = 1.0
blend_point_2/node = SubResource("AnimationNodeAnimation_nis8b")
blend_point_2/pos = 2.0
min_space = 0.0
max_space = 2.0

[sub_resource type="AnimationNodeBlendTree" id="AnimationNodeBlendTree_4xcvv"]
nodes/Movement/node = SubResource("AnimationNodeBlendSpace1D_vcy5j")
nodes/Movement/position = Vector2(50, 100)
node_connections = [&"output", 0, &"Movement"]

[sub_resource type="BoxMesh" id="BoxMesh_65fbn"]
size = Vector3(0.2, 0.2, 1)

[sub_resource type="CapsuleShape3D" id="CapsuleShape3D_65fbn"]

[node name="PlayerModel" type="CharacterBody3D"]
script = ExtResource("1_65fbn")
metadata/_custom_type_script = "uid://d4jcynbprdal7"

[node name="rig" type="Node3D" parent="."]
unique_name_in_owner = true

[node name="Skeleton3D" type="Skeleton3D" parent="rig"]
bones/0/name = "DEF-spine"
bones/0/parent = -1
bones/0/rest = Transform3D(1, 0, 0, 0, 0.964681, -0.263421, 0, 0.263421, 0.964681, 0, 0.892734, -0.0516849)
bones/0/enabled = true
bones/0/position = Vector3(0, 0.740134, -0.0516848)
bones/0/rotation = Quaternion(0.132889, 0, 0, 0.991131)
bones/0/scale = Vector3(1, 1, 1)
bones/1/name = "DEF-spine.001"
bones/1/parent = 0
bones/1/rest = Transform3D(1, 0, 0, 0, 0.990755, 0.135664, 0, -0.135664, 0.990755, 0, 0.13507, -5.58794e-09)
bones/1/enabled = true
bones/1/position = Vector3(0, 0.13507, -5.58794e-09)
bones/1/rotation = Quaternion(-0.0679891, 0, 0, 0.997686)
bones/1/scale = Vector3(1, 1, 1)
bones/2/name = "DEF-spine.002"
bones/2/parent = 1
bones/2/rest = Transform3D(1, 0, 0, 0, 0.98503, 0.172385, 0, -0.172385, 0.98503, 0, 0.120896, -1.6269e-08)
bones/2/enabled = true
bones/2/position = Vector3(0, 0.120896, -1.6269e-08)
bones/2/rotation = Quaternion(-0.086517, 0, 0, 0.99625)
bones/2/scale = Vector3(1, 1, 1)
bones/3/name = "DEF-spine.003"
bones/3/parent = 2
bones/3/rest = Transform3D(1, -0.000892565, -0.000115734, 0.000896182, 0.999339, 0.036356, 8.32071e-05, -0.0363561, 0.999339, 0, 0.229673, 9.31323e-10)
bones/3/enabled = true
bones/3/position = Vector3(0, 0.229673, 9.31323e-10)
bones/3/rotation = Quaternion(-0.018181, -4.97437e-05, 0.000447261, 0.999835)
bones/3/scale = Vector3(1, 1, 1)
bones/4/name = "DEF-spine.004"
bones/4/parent = 3
bones/4/rest = Transform3D(1, 0.000852088, -0.000289611, -0.00089246, 0.897455, -0.441106, -0.000115948, 0.441106, 0.897455, 8.03766e-11, 0.179415, 5.49508e-09)
bones/4/enabled = true
bones/4/position = Vector3(8.03766e-11, 0.179415, 5.49508e-09)
bones/4/rotation = Quaternion(0.226435, -4.45735e-05, -0.000447767, 0.974026)
bones/4/scale = Vector3(1, 1, 1)
bones/5/name = "DEF-spine.005"
bones/5/parent = 4
bones/5/rest = Transform3D(1, 4.49818e-08, 4.29655e-09, -4.49838e-08, 0.982004, 0.188859, 4.27597e-09, -0.188859, 0.982004, 1.32951e-11, 0.0354041, 2.97642e-08)
bones/5/enabled = true
bones/5/position = Vector3(1.32951e-11, 0.0354041, 2.97642e-08)
bones/5/rotation = Quaternion(-0.094858, -1.18082e-07, -1.09389e-08, 0.995491)
bones/5/scale = Vector3(1, 1, 1)
bones/6/name = "DEF-spine.006"
bones/6/parent = 5
bones/6/rest = Transform3D(1, 0.000447408, -7.71811e-06, -0.000437866, 0.981936, 0.189213, 9.22339e-05, -0.189213, 0.981936, -1.05538e-11, 0.0335512, -2.00616e-08)
bones/6/enabled = true
bones/6/position = Vector3(-1.05538e-11, 0.0335512, -2.00616e-08)
bones/6/rotation = Quaternion(-0.095036, -2.49834e-05, -0.000222314, 0.995474)
bones/6/scale = Vector3(1, 1, 1)
bones/7/name = "DEF-pelvis.L"
bones/7/parent = -1
bones/7/rest = Transform3D(-0.519472, 0.405281, -0.752261, -0.411313, 0.653063, 0.63587, 0.74898, 0.639731, -0.17255, -5.1704e-09, 0.892734, -0.0516848)
bones/7/enabled = true
bones/7/position = Vector3(-5.1704e-09, 0.740134, -0.0516848)
bones/7/rotation = Quaternion(-0.00196938, 0.765683, 0.416491, -0.490164)
bones/7/scale = Vector3(1, 1, 1)
bones/8/name = "DEF-pelvis.R"
bones/8/parent = -1
bones/8/rest = Transform3D(-0.519472, -0.405281, 0.752261, 0.411313, 0.653063, 0.63587, -0.74898, 0.639731, -0.17255, 5.1704e-09, 0.892734, -0.0516848)
bones/8/enabled = true
bones/8/position = Vector3(5.1704e-09, 0.740134, -0.0516848)
bones/8/rotation = Quaternion(0.00196938, 0.765683, 0.416491, 0.490164)
bones/8/scale = Vector3(1, 1, 1)
bones/9/name = "DEF-thigh.L"
bones/9/parent = -1
bones/9/rest = Transform3D(0.759538, 0.113105, -0.640554, 0.0324326, -0.990127, -0.136374, -0.649654, 0.0828063, -0.755707, 0.0660152, 0.933899, -0.0116103)
bones/9/enabled = true
bones/9/position = Vector3(0.0660152, 0.781299, -0.0116103)
bones/9/rotation = Quaternion(0.872482, -0.0422109, -0.302661, 0.381301)
bones/9/scale = Vector3(1.00693, 0.986281, 1.00693)
bones/10/name = "DEF-thigh.L.001"
bones/10/parent = 9
bones/10/rest = Transform3D(1, 1.67638e-08, 1.02213e-07, -1.67638e-08, 1, -8.56737e-16, -1.02213e-07, -8.56737e-16, 1, 1.67638e-08, 0.231801, 1.72295e-08)
bones/10/enabled = true
bones/10/position = Vector3(1.67638e-08, 0.231801, 1.72295e-08)
bones/10/rotation = Quaternion(-2.90213e-08, 0.0780427, 1.03442e-08, 0.99695)
bones/10/scale = Vector3(1, 1, 1)
bones/11/name = "DEF-shin.L"
bones/11/parent = 10
bones/11/rest = Transform3D(1, -8.96897e-08, -1.23939e-07, 6.67724e-08, 0.984766, -0.173884, 1.37646e-07, 0.173884, 0.984766, 9.31323e-09, 0.231801, -1.11759e-08)
bones/11/enabled = true
bones/11/position = Vector3(9.31323e-09, 0.231801, -1.11759e-08)
bones/11/rotation = Quaternion(0.343619, 0.0777295, -0.0283564, 0.935457)
bones/11/scale = Vector3(1.0024, 0.986716, 1.01125)
bones/12/name = "DEF-shin.L.001"
bones/12/parent = 11
bones/12/rest = Transform3D(1, 2.51186e-08, 1.18744e-07, -2.51186e-08, 1, -2.36978e-08, -1.18744e-07, 2.36978e-08, 1, 1.86265e-09, 0.172809, -1.02445e-08)
bones/12/enabled = true
bones/12/position = Vector3(1.86265e-09, 0.172809, -1.02445e-08)
bones/12/rotation = Quaternion(-1.28014e-07, -0.0798356, 9.35912e-08, 0.996808)
bones/12/scale = Vector3(1, 1, 1)
bones/13/name = "DEF-foot.L"
bones/13/parent = 12
bones/13/rest = Transform3D(0.759752, -0.615153, 0.210625, 0.00096181, 0.324995, 0.945715, -0.650212, -0.718307, 0.247508, 1.86265e-09, 0.172809, -2.79397e-09)
bones/13/enabled = true
bones/13/position = Vector3(1.86265e-09, 0.172809, -2.79397e-09)
bones/13/rotation = Quaternion(-0.635634, 0.197034, 0.131839, 0.734687)
bones/13/scale = Vector3(0.990928, 0.991245, 1.01811)
bones/14/name = "DEF-toe.L"
bones/14/parent = 13
bones/14/rest = Transform3D(-0.999999, -0.000378089, -0.000944356, 6.70698e-08, 0.928335, -0.371745, 0.00101723, -0.371745, -0.928334, -7.57791e-09, 0.216073, 5.93718e-09)
bones/14/enabled = true
bones/14/position = Vector3(-7.57791e-09, 0.216073, 5.93718e-09)
bones/14/rotation = Quaternion(-0.000177009, 0.929698, -0.368322, -0.000476764)
bones/14/scale = Vector3(0.9999, 1.00006, 1.00004)
bones/15/name = "DEF-thigh.R"
bones/15/parent = -1
bones/15/rest = Transform3D(0.759538, -0.113105, 0.640554, -0.0324326, -0.990127, -0.136374, 0.649654, 0.0828063, -0.755707, -0.0660152, 0.933899, -0.0116103)
bones/15/enabled = true
bones/15/position = Vector3(-0.0660152, 0.781299, -0.0116104)
bones/15/rotation = Quaternion(0.87998, -0.166882, 0.34593, -0.279497)
bones/15/scale = Vector3(1.00934, 0.981583, 1.00934)
bones/16/name = "DEF-thigh.R.001"
bones/16/parent = 15
bones/16/rest = Transform3D(1, -1.67638e-08, -1.02213e-07, 1.67638e-08, 1, -8.56737e-16, 1.02213e-07, -8.56737e-16, 1, -1.67638e-08, 0.231801, 1.72295e-08)
bones/16/enabled = true
bones/16/position = Vector3(-1.67638e-08, 0.231801, 1.72295e-08)
bones/16/rotation = Quaternion(8.41748e-08, -0.172064, 9.13701e-08, 0.985086)
bones/16/scale = Vector3(1, 1, 1)
bones/17/name = "DEF-shin.R"
bones/17/parent = 16
bones/17/rest = Transform3D(1, 8.96897e-08, 1.23939e-07, -6.67724e-08, 0.984766, -0.173884, -1.37646e-07, 0.173884, 0.984766, -9.31323e-09, 0.231801, -1.11759e-08)
bones/17/enabled = true
bones/17/position = Vector3(-9.31323e-09, 0.231801, -1.11759e-08)
bones/17/rotation = Quaternion(0.439257, -0.170892, 0.0853667, 0.877817)
bones/17/scale = Vector3(1.00325, 0.976115, 1.02152)
bones/18/name = "DEF-shin.R.001"
bones/18/parent = 17
bones/18/rest = Transform3D(1, -2.51186e-08, -1.18744e-07, 2.51186e-08, 1, -2.36978e-08, 1.18744e-07, 2.36978e-08, 1, -1.86265e-09, 0.172809, -1.02445e-08)
bones/18/enabled = true
bones/18/position = Vector3(-1.86265e-09, 0.172809, -1.02445e-08)
bones/18/rotation = Quaternion(-1.26775e-09, 0.136607, -2.74038e-09, 0.990625)
bones/18/scale = Vector3(1, 1, 1)
bones/19/name = "DEF-foot.R"
bones/19/parent = 18
bones/19/rest = Transform3D(0.759321, 0.615153, -0.212177, 0.000969976, 0.324995, 0.945715, 0.650716, -0.718307, 0.246179, -1.86265e-09, 0.172809, -2.79397e-09)
bones/19/enabled = true
bones/19/position = Vector3(-1.86265e-09, 0.172809, -2.79397e-09)
bones/19/rotation = Quaternion(-0.564278, -0.15182, -0.117734, 0.802919)
bones/19/scale = Vector3(0.987575, 0.991819, 1.02122)
bones/20/name = "DEF-toe.R"
bones/20/parent = 19
bones/20/rest = Transform3D(-1, -0.000381241, -0.000951855, -7.13335e-08, 0.928335, -0.371745, 0.00102536, -0.371745, -0.928334, -4.51109e-10, 0.216073, -6.27915e-09)
bones/20/enabled = true
bones/20/position = Vector3(-4.51109e-10, 0.216073, -6.27915e-09)
bones/20/rotation = Quaternion(-9.92676e-05, 0.981924, -0.189273, -0.000503183)
bones/20/scale = Vector3(0.999977, 1.00004, 0.999989)
bones/21/name = "DEF-shoulder.L"
bones/21/parent = -1
bones/21/rest = Transform3D(0.636808, 0.758204, -0.140012, 0.0135372, 0.17057, 0.985253, 0.770904, -0.629312, 0.0983562, 0.0171347, 1.50289, 0.0640443)
bones/21/enabled = true
bones/21/position = Vector3(0.0171347, 1.35029, 0.0640443)
bones/21/rotation = Quaternion(-0.584782, -0.329926, -0.269712, 0.690242)
bones/21/scale = Vector3(1, 1, 1)
bones/22/name = "DEF-upper_arm.L"
bones/22/parent = -1
bones/22/rest = Transform3D(-0.533911, 0.845537, 0.00246626, -0.831759, -0.524681, -0.18135, -0.152044, -0.0988758, 0.983416, 0.141673, 1.50635, 0.00218616)
bones/22/enabled = true
bones/22/position = Vector3(0.141673, 1.35375, 0.00218617)
bones/22/rotation = Quaternion(0.193344, -0.467117, 0.823463, -0.257543)
bones/22/scale = Vector3(1, 1, 1)
bones/23/name = "DEF-upper_arm.L.001"
bones/23/parent = 22
bones/23/rest = Transform3D(1, -9.77889e-08, -1.08965e-07, 9.77889e-08, 1, -7.72998e-08, 1.08965e-07, 7.72998e-08, 1, -1.01048e-07, 0.166044, -1.44937e-08)
bones/23/enabled = true
bones/23/position = Vector3(-1.01048e-07, 0.166044, -1.44937e-08)
bones/23/rotation = Quaternion(-1.15478e-08, 0.162162, -3.70984e-09, 0.986764)
bones/23/scale = Vector3(1, 1, 1)
bones/24/name = "DEF-forearm.L"
bones/24/parent = 23
bones/24/rest = Transform3D(1, 5.3724e-07, 3.22775e-07, -4.46237e-07, 0.971939, -0.235235, -4.40095e-07, 0.235235, 0.971939, -6.61239e-08, 0.166044, -3.84171e-09)
bones/24/enabled = true
bones/24/position = Vector3(-6.61239e-08, 0.166044, -3.84171e-09)
bones/24/rotation = Quaternion(0.273659, 0.162162, -0.0322294, 0.94751)
bones/24/scale = Vector3(1, 1, 1)
bones/25/name = "DEF-forearm.L.001"
bones/25/parent = 24
bones/25/rest = Transform3D(1, -2.32831e-07, 1.76951e-07, 2.32831e-07, 1, 1.61119e-07, -1.76951e-07, -1.61119e-07, 1, -2.10013e-07, 0.136053, 2.79397e-09)
bones/25/enabled = true
bones/25/position = Vector3(-2.10013e-07, 0.136053, 2.79397e-09)
bones/25/rotation = Quaternion(-1.20456e-08, -0.0123384, 1.04321e-07, 0.999924)
bones/25/scale = Vector3(1, 1, 1)
bones/26/name = "DEF-hand.L"
bones/26/parent = 25
bones/26/rest = Transform3D(0.999504, 0.0314836, 5.81378e-07, -0.0314251, 0.997645, 0.0609643, 0.0019188, -0.0609341, 0.99814, -1.12224e-07, 0.136053, -1.16415e-08)
bones/26/enabled = true
bones/26/position = Vector3(-1.12224e-07, 0.136053, -1.16415e-08)
bones/26/rotation = Quaternion(0.090017, -0.0128173, 0.00460102, 0.995847)
bones/26/scale = Vector3(1, 0.999999, 1)
bones/27/name = "DEF-shoulder.R"
bones/27/parent = -1
bones/27/rest = Transform3D(0.636808, -0.758204, 0.140012, -0.0135373, 0.17057, 0.985253, -0.770904, -0.629312, 0.0983561, -0.0171346, 1.50289, 0.0640443)
bones/27/enabled = true
bones/27/position = Vector3(-0.0171346, 1.35029, 0.0640443)
bones/27/rotation = Quaternion(-0.584782, 0.329926, 0.269712, 0.690242)
bones/27/scale = Vector3(1, 1, 1)
bones/28/name = "DEF-upper_arm.R"
bones/28/parent = -1
bones/28/rest = Transform3D(-0.533911, -0.845537, -0.00246621, 0.831759, -0.524681, -0.18135, 0.152044, -0.0988758, 0.983416, -0.141673, 1.50635, 0.00218613)
bones/28/enabled = true
bones/28/position = Vector3(-0.141673, 1.35375, 0.00218614)
bones/28/rotation = Quaternion(0.26663, 0.364383, 0.854338, 0.257371)
bones/28/scale = Vector3(1, 1, 0.999999)
bones/29/name = "DEF-upper_arm.R.001"
bones/29/parent = 28
bones/29/rest = Transform3D(1, -3.53902e-08, 4.22355e-07, 3.53903e-08, 1, -7.18282e-08, -4.22355e-07, 7.18283e-08, 1, -1.73924e-07, 0.166044, 2.97441e-08)
bones/29/enabled = true
bones/29/position = Vector3(-1.73924e-07, 0.166044, 2.97441e-08)
bones/29/rotation = Quaternion(1.68851e-08, 0.015484, 3.68389e-08, 0.99988)
bones/29/scale = Vector3(1, 1, 1)
bones/30/name = "DEF-forearm.R"
bones/30/parent = 29
bones/30/rest = Transform3D(1, -5.08596e-07, -2.88527e-07, 4.26452e-07, 0.971939, -0.235235, 4.0007e-07, 0.235235, 0.971939, -5.26197e-08, 0.166044, 3.38769e-08)
bones/30/enabled = true
bones/30/position = Vector3(-5.26197e-08, 0.166044, 3.38769e-08)
bones/30/rotation = Quaternion(0.657211, 0.0154841, -0.263228, 0.706078)
bones/30/scale = Vector3(1, 1, 0.999999)
bones/31/name = "DEF-forearm.R.001"
bones/31/parent = 30
bones/31/rest = Transform3D(1, 4.02331e-07, -3.98606e-07, -4.02331e-07, 1, 9.12697e-08, 3.98606e-07, -9.12695e-08, 1, 1.468e-07, 0.136053, -5.58794e-09)
bones/31/enabled = true
bones/31/position = Vector3(1.468e-07, 0.136053, -5.58794e-09)
bones/31/rotation = Quaternion(-1.26305e-08, -0.00248758, -7.33347e-09, 0.999997)
bones/31/scale = Vector3(1, 1, 1)
bones/32/name = "DEF-hand.R"
bones/32/parent = 31
bones/32/rest = Transform3D(0.999504, -0.0314831, -1.16345e-06, 0.0314246, 0.997645, 0.0609644, -0.00191819, -0.0609342, 0.99814, 7.61938e-08, 0.136053, -3.72529e-09)
bones/32/enabled = true
bones/32/position = Vector3(7.61938e-08, 0.136053, -3.72529e-09)
bones/32/rotation = Quaternion(0.0756766, -0.0020101, -0.124279, 0.989355)
bones/32/scale = Vector3(1, 0.999999, 1)
bones/33/name = "DEF-breast.L"
bones/33/parent = -1
bones/33/rest = Transform3D(-1, 5.32353e-11, -1.51013e-07, -1.51013e-07, 1.78814e-07, 1, 5.32623e-11, 1, -1.78814e-07, 0.11086, 1.36665, -0.0454115)
bones/33/enabled = true
bones/33/position = Vector3(0.11086, 1.21405, -0.0454115)
bones/33/rotation = Quaternion(-5.3391e-08, 0.707107, 0.707107, -5.34039e-08)
bones/33/scale = Vector3(1, 1, 1)
bones/34/name = "DEF-breast.R"
bones/34/parent = -1
bones/34/rest = Transform3D(-1, 3.60387e-12, -1.51036e-07, -1.51036e-07, 1.78814e-07, 1, 3.63087e-12, 1, -1.78814e-07, -0.11086, 1.36665, -0.0454115)
bones/34/enabled = true
bones/34/position = Vector3(-0.11086, 1.21405, -0.0454115)
bones/34/rotation = Quaternion(-5.33838e-08, 0.707107, 0.707107, -5.33992e-08)
bones/34/scale = Vector3(1, 1, 1)

[node name="FootL" type="BoneAttachment3D" parent="rig/Skeleton3D"]
transform = Transform3D(-1.00037, 0.00188136, 0.000899522, -0.00138668, 0.654832, 0.757886, -2.07186e-05, 0.773472, -0.63173, 0.117273, 0.112368, 0.550929)
bone_name = "DEF-toe.L"
bone_idx = 14

[node name="RemoteTransform3D" type="RemoteTransform3D" parent="rig/Skeleton3D/FootL"]
transform = Transform3D(0.999999, -0.000944583, 0.000440975, 0.000879841, 1.00004, 0.000327122, -0.000481982, -7.82469e-05, 0.999979, 0, 0, 0.05)
remote_path = NodePath("../../../../FootColliderL")
update_scale = false

[node name="FootR" type="BoneAttachment3D" parent="rig/Skeleton3D"]
transform = Transform3D(-0.999952, -9.13821e-05, -0.0031028, 0.000377905, -1.0089, 0.0045338, 0.00120522, 0.0488001, 0.991658, -0.116916, 0.228463, -0.694883)
bone_name = "DEF-toe.R"
bone_idx = 20

[node name="RemoteTransform3D" type="RemoteTransform3D" parent="rig/Skeleton3D/FootR"]
transform = Transform3D(1, 0, 0, 0, 1, 0, 0, 0, 1, 0, 0, 0.05)
remote_path = NodePath("../../../../FootColliderR")
update_scale = false

[node name="HandL" type="BoneAttachment3D" parent="rig/Skeleton3D"]
transform = Transform3D(-0.96829, 0.187542, -0.165056, -0.114914, -0.920969, -0.372303, -0.221834, -0.34153, 0.913316, 0.278999, 0.982069, -0.422785)
bone_name = "DEF-hand.L"
bone_idx = 26

[node name="RemoteTransform3D" type="RemoteTransform3D" parent="rig/Skeleton3D/HandL"]
transform = Transform3D(1, 0, 0, 0, 1, 0, 0, 0, 1, 0.00191045, 0.0254101, -0.015388)
remote_path = NodePath("../../../../HandColliderL")
update_scale = false

[node name="HandR" type="BoneAttachment3D" parent="rig/Skeleton3D"]
transform = Transform3D(-0.833449, 0.159752, 0.529, 0.362566, 0.880525, 0.305318, -0.417023, 0.446264, -0.791794, -0.1472, 1.3466, 0.430909)
bone_name = "DEF-hand.R"
bone_idx = 32

[node name="RemoteTransform3D" type="RemoteTransform3D" parent="rig/Skeleton3D/HandR"]
transform = Transform3D(1, 0, 0, 0, 1, 0, 0, 0, 1, -0.002, 0.025, -0.015)
remote_path = NodePath("../../../../HandColliderR")
update_scale = false

[node name="Debug" type="BoneAttachment3D" parent="rig/Skeleton3D"]
transform = Transform3D(1, 0, 0, 0, 0.964681, -0.263421, 0, 0.263421, 0.964681, 0, 0.740134, -0.0516848)
visible = false
bone_name = "root"
bone_idx = 0

[node name="MeshInstance3D" type="MeshInstance3D" parent="rig/Skeleton3D/Debug"]
transform = Transform3D(1, 0, 0, 0, -4.37114e-08, -1, 0, 1, -4.37114e-08, 0, 0, 0)
mesh = SubResource("BoxMesh_nis8b")

[node name="HandColliderL" type="CollisionShape3D" parent="."]
unique_name_in_owner = true
transform = Transform3D(-0.968236, 0.187534, -0.165049, -0.114907, -0.920929, -0.372288, -0.221822, -0.341515, 0.913278, 0.284454, 0.964176, -0.445942)
shape = SubResource("SphereShape3D_65fbn")
debug_color = Color(0, 0.6, 0.701961, 1)

[node name="Debug" type="MeshInstance3D" parent="HandColliderL"]
visible = false
mesh = SubResource("SphereMesh_nis8b")

[node name="HandColliderR" type="CollisionShape3D" parent="."]
unique_name_in_owner = true
transform = Transform3D(-0.833411, 0.159748, 0.528985, 0.36255, 0.880499, 0.305309, -0.417005, 0.446251, -0.791772, -0.149474, 1.36331, 0.454776)
shape = SubResource("SphereShape3D_4xcvv")
debug_color = Color(0, 0.6, 0.701961, 1)

[node name="Debug" type="MeshInstance3D" parent="HandColliderR"]
visible = false
mesh = SubResource("SphereMesh_mstlb")

[node name="FootColliderL" type="CollisionShape3D" parent="."]
unique_name_in_owner = true
transform = Transform3D(-0.999835, -2.38128e-05, -0.001515, -0.00117519, 0.648106, 0.760831, 0.000963676, 0.765651, -0.644027, 0.117318, 0.150262, 0.519343)
shape = SubResource("CapsuleShape3D_nis8b")

[node name="Debug" type="MeshInstance3D" parent="FootColliderL"]
visible = false
mesh = SubResource("CapsuleMesh_b6qoi")

[node name="FootColliderR" type="CollisionShape3D" parent="."]
unique_name_in_owner = true
transform = Transform3D(-0.999822, -0.000319118, 0.00122192, 0.000377774, -0.998672, 0.0483049, 0.00120506, 0.0483057, 0.998664, -0.117072, 0.22869, -0.6453)
shape = SubResource("CapsuleShape3D_ldqqv")

[node name="Debug" type="MeshInstance3D" parent="FootColliderR"]
visible = false
mesh = SubResource("CapsuleMesh_b6qoi")

[node name="AnimationPlayer" type="AnimationPlayer" parent="."]
unique_name_in_owner = true
libraries = {
&"": SubResource("AnimationLibrary_vw83s")
}

[node name="AnimationTree" type="AnimationTree" parent="."]
unique_name_in_owner = true
root_node = NodePath("%AnimationTree/..")
tree_root = SubResource("AnimationNodeBlendTree_4xcvv")
anim_player = NodePath("../AnimationPlayer")
parameters/Movement/blend_position = 0.0

[node name="MeshInstance3D" type="MeshInstance3D" parent="."]
transform = Transform3D(1, 0, 0, 0, 1, 0, 0, 0, 1, 0, 0.1, 0)
visible = false
mesh = SubResource("BoxMesh_65fbn")

[node name="CollisionShape3D" type="CollisionShape3D" parent="."]
transform = Transform3D(1, 0, 0, 0, 1, 0, 0, 0, 1, 0, 1, 0)
visible = false
shape = SubResource("CapsuleShape3D_65fbn")
disabled = true
debug_fill = false
