[gd_resource type="SkeletonProfile" format=3 uid="uid://b66ioniayskdk"]

[resource]
group_size = 1
bone_size = 35
groups/0/group_name = &""
bones/0/bone_name = &"DEF-spine"
bones/0/bone_parent = &""
bones/0/tail_direction = 0
bones/0/reference_pose = Transform3D(1, 0, 0, 0, 0.964681, -0.263421, 0, 0.263421, 0.964681, 0, 0.892734, -0.0516849)
bones/0/handle_offset = Vector2(0.5, 0.465837)
bones/0/group = &""
bones/0/require = false
bones/1/bone_name = &"DEF-spine.001"
bones/1/bone_parent = &"DEF-spine"
bones/1/tail_direction = 0
bones/1/reference_pose = Transform3D(1, 0, 0, 0, 0.990755, 0.135664, 0, -0.135664, 0.990755, 0, 0.13507, -5.58794e-09)
bones/1/handle_offset = Vector2(0.5, 0.391035)
bones/1/group = &""
bones/1/require = false
bones/2/bone_name = &"DEF-spine.002"
bones/2/bone_parent = &"DEF-spine.001"
bones/2/tail_direction = 0
bones/2/reference_pose = Transform3D(1, 0, 0, 0, 0.98503, 0.172385, 0, -0.172385, 0.98503, 0, 0.120896, -1.6269e-08)
bones/2/handle_offset = Vector2(0.5, 0.322221)
bones/2/group = &""
bones/2/require = false
bones/3/bone_name = &"DEF-spine.003"
bones/3/bone_parent = &"DEF-spine.002"
bones/3/tail_direction = 0
bones/3/reference_pose = Transform3D(1, -0.000892565, -0.000115734, 0.000896182, 0.999339, 0.036356, 8.32071e-05, -0.0363561, 0.999339, 0, 0.229673, 9.31323e-10)
bones/3/handle_offset = Vector2(0.5, 0.190491)
bones/3/group = &""
bones/3/require = false
bones/4/bone_name = &"DEF-spine.004"
bones/4/bone_parent = &"DEF-spine.003"
bones/4/tail_direction = 0
bones/4/reference_pose = Transform3D(1, 0.000852088, -0.000289611, -0.00089246, 0.897455, -0.441106, -0.000115948, 0.441106, 0.897455, 8.03766e-11, 0.179415, 5.49508e-09)
bones/4/handle_offset = Vector2(0.499908, 0.087815)
bones/4/group = &""
bones/4/require = false
bones/5/bone_name = &"DEF-spine.005"
bones/5/bone_parent = &"DEF-spine.004"
bones/5/tail_direction = 0
bones/5/reference_pose = Transform3D(1, 4.49818e-08, 4.29655e-09, -4.49838e-08, 0.982004, 0.188859, 4.27597e-09, -0.188859, 0.982004, 1.32951e-11, 0.0354041, 2.97642e-08)
bones/5/handle_offset = Vector2(0.499908, 0.0689228)
bones/5/group = &""
bones/5/require = false
bones/6/bone_name = &"DEF-spine.006"
bones/6/bone_parent = &"DEF-spine.005"
bones/6/tail_direction = 0
bones/6/reference_pose = Transform3D(1, 0.000447408, -7.71811e-06, -0.000437866, 0.981936, 0.189213, 9.22339e-05, -0.189213, 0.981936, -1.05538e-11, 0.0335512, -2.00616e-08)
bones/6/handle_offset = Vector2(0.499908, 0.05)
bones/6/group = &""
bones/6/require = false
bones/7/bone_name = &"DEF-pelvis.L"
bones/7/bone_parent = &""
bones/7/tail_direction = 0
bones/7/reference_pose = Transform3D(-0.519472, 0.405281, -0.752261, -0.411313, 0.653063, 0.63587, 0.74898, 0.639731, -0.17255, -5.1704e-09, 0.892734, -0.0516848)
bones/7/handle_offset = Vector2(0.5, 0.465837)
bones/7/group = &""
bones/7/require = false
bones/8/bone_name = &"DEF-pelvis.R"
bones/8/bone_parent = &""
bones/8/tail_direction = 0
bones/8/reference_pose = Transform3D(-0.519472, -0.405281, 0.752261, 0.411313, 0.653063, 0.63587, -0.74898, 0.639731, -0.17255, 5.1704e-09, 0.892734, -0.0516848)
bones/8/handle_offset = Vector2(0.5, 0.465837)
bones/8/group = &""
bones/8/require = false
bones/9/bone_name = &"DEF-thigh.L"
bones/9/bone_parent = &""
bones/9/tail_direction = 0
bones/9/reference_pose = Transform3D(0.759538, 0.113105, -0.640554, 0.0324326, -0.990127, -0.136374, -0.649654, 0.0828063, -0.755707, 0.0660152, 0.933899, -0.0116103)
bones/9/handle_offset = Vector2(0.537898, 0.442205)
bones/9/group = &""
bones/9/require = false
bones/10/bone_name = &"DEF-thigh.L.001"
bones/10/bone_parent = &"DEF-thigh.L"
bones/10/tail_direction = 0
bones/10/reference_pose = Transform3D(1, 1.67638e-08, 1.02213e-07, -1.67638e-08, 1, -8.56737e-16, -1.02213e-07, -8.56737e-16, 1, 1.67638e-08, 0.231801, 1.72295e-08)
bones/10/handle_offset = Vector2(0.552949, 0.573964)
bones/10/group = &""
bones/10/require = false
bones/11/bone_name = &"DEF-shin.L"
bones/11/bone_parent = &"DEF-thigh.L.001"
bones/11/tail_direction = 0
bones/11/reference_pose = Transform3D(1, -8.96897e-08, -1.23939e-07, 6.67724e-08, 0.984766, -0.173884, 1.37646e-07, 0.173884, 0.984766, 9.31323e-09, 0.231801, -1.11759e-08)
bones/11/handle_offset = Vector2(0.568, 0.705722)
bones/11/group = &""
bones/11/require = false
bones/12/bone_name = &"DEF-shin.L.001"
bones/12/bone_parent = &"DEF-shin.L"
bones/12/tail_direction = 0
bones/12/reference_pose = Transform3D(1, 2.51186e-08, 1.18744e-07, -2.51186e-08, 1, -2.36978e-08, -1.18744e-07, 2.36978e-08, 1, 1.86265e-09, 0.172809, -1.02445e-08)
bones/12/handle_offset = Vector2(0.568, 0.804805)
bones/12/group = &""
bones/12/require = false
bones/13/bone_name = &"DEF-foot.L"
bones/13/bone_parent = &"DEF-shin.L.001"
bones/13/tail_direction = 0
bones/13/reference_pose = Transform3D(0.759752, -0.615153, 0.210625, 0.00096181, 0.324995, 0.945715, -0.650212, -0.718307, 0.247508, 1.86265e-09, 0.172809, -2.79397e-09)
bones/13/handle_offset = Vector2(0.568, 0.903888)
bones/13/group = &""
bones/13/require = false
bones/14/bone_name = &"DEF-toe.L"
bones/14/bone_parent = &"DEF-foot.L"
bones/14/tail_direction = 0
bones/14/reference_pose = Transform3D(-0.999999, -0.000378089, -0.000944356, 6.70698e-08, 0.928335, -0.371745, 0.00101723, -0.371745, -0.928334, -7.57791e-09, 0.216073, 5.93718e-09)
bones/14/handle_offset = Vector2(0.568, 0.95)
bones/14/group = &""
bones/14/require = false
bones/15/bone_name = &"DEF-thigh.R"
bones/15/bone_parent = &""
bones/15/tail_direction = 0
bones/15/reference_pose = Transform3D(0.759538, -0.113105, 0.640554, -0.0324326, -0.990127, -0.136374, 0.649654, 0.0828063, -0.755707, -0.0660152, 0.933899, -0.0116103)
bones/15/handle_offset = Vector2(0.462102, 0.442205)
bones/15/group = &""
bones/15/require = false
bones/16/bone_name = &"DEF-thigh.R.001"
bones/16/bone_parent = &"DEF-thigh.R"
bones/16/tail_direction = 0
bones/16/reference_pose = Transform3D(1, -1.67638e-08, -1.02213e-07, 1.67638e-08, 1, -8.56737e-16, 1.02213e-07, -8.56737e-16, 1, -1.67638e-08, 0.231801, 1.72295e-08)
bones/16/handle_offset = Vector2(0.447051, 0.573964)
bones/16/group = &""
bones/16/require = false
bones/17/bone_name = &"DEF-shin.R"
bones/17/bone_parent = &"DEF-thigh.R.001"
bones/17/tail_direction = 0
bones/17/reference_pose = Transform3D(1, 8.96897e-08, 1.23939e-07, -6.67724e-08, 0.984766, -0.173884, -1.37646e-07, 0.173884, 0.984766, -9.31323e-09, 0.231801, -1.11759e-08)
bones/17/handle_offset = Vector2(0.432, 0.705722)
bones/17/group = &""
bones/17/require = false
bones/18/bone_name = &"DEF-shin.R.001"
bones/18/bone_parent = &"DEF-shin.R"
bones/18/tail_direction = 0
bones/18/reference_pose = Transform3D(1, -2.51186e-08, -1.18744e-07, 2.51186e-08, 1, -2.36978e-08, 1.18744e-07, 2.36978e-08, 1, -1.86265e-09, 0.172809, -1.02445e-08)
bones/18/handle_offset = Vector2(0.432, 0.804805)
bones/18/group = &""
bones/18/require = false
bones/19/bone_name = &"DEF-foot.R"
bones/19/bone_parent = &"DEF-shin.R.001"
bones/19/tail_direction = 0
bones/19/reference_pose = Transform3D(0.759321, 0.615153, -0.212177, 0.000969976, 0.324995, 0.945715, 0.650716, -0.718307, 0.246179, -1.86265e-09, 0.172809, -2.79397e-09)
bones/19/handle_offset = Vector2(0.432, 0.903888)
bones/19/group = &""
bones/19/require = false
bones/20/bone_name = &"DEF-toe.R"
bones/20/bone_parent = &"DEF-foot.R"
bones/20/tail_direction = 0
bones/20/reference_pose = Transform3D(-1, -0.000381241, -0.000951855, -7.13335e-08, 0.928335, -0.371745, 0.00102536, -0.371745, -0.928334, -4.51109e-10, 0.216073, -6.27915e-09)
bones/20/handle_offset = Vector2(0.432, 0.95)
bones/20/group = &""
bones/20/require = false
bones/21/bone_name = &"DEF-shoulder.L"
bones/21/bone_parent = &""
bones/21/tail_direction = 0
bones/21/reference_pose = Transform3D(0.636808, 0.758204, -0.140012, 0.0135372, 0.17057, 0.985253, 0.770904, -0.629312, 0.0983562, 0.0171347, 1.50289, 0.0640443)
bones/21/handle_offset = Vector2(0.509837, 0.115559)
bones/21/group = &""
bones/21/require = false
bones/22/bone_name = &"DEF-upper_arm.L"
bones/22/bone_parent = &""
bones/22/tail_direction = 0
bones/22/reference_pose = Transform3D(-0.533911, 0.845537, 0.00246626, -0.831759, -0.524681, -0.18135, -0.152044, -0.0988758, 0.983416, 0.141673, 1.50635, 0.00218616)
bones/22/handle_offset = Vector2(0.581331, 0.113573)
bones/22/group = &""
bones/22/require = false
bones/23/bone_name = &"DEF-upper_arm.L.001"
bones/23/bone_parent = &"DEF-upper_arm.L"
bones/23/tail_direction = 0
bones/23/reference_pose = Transform3D(1, -9.77889e-08, -1.08965e-07, 9.77889e-08, 1, -7.72998e-08, 1.08965e-07, 7.72998e-08, 1, -1.01048e-07, 0.166044, -1.44937e-08)
bones/23/handle_offset = Vector2(0.66193, 0.163587)
bones/23/group = &""
bones/23/require = false
bones/24/bone_name = &"DEF-forearm.L"
bones/24/bone_parent = &"DEF-upper_arm.L.001"
bones/24/tail_direction = 0
bones/24/reference_pose = Transform3D(1, 5.3724e-07, 3.22775e-07, -4.46237e-07, 0.971939, -0.235235, -4.40095e-07, 0.235235, 0.971939, -6.61239e-08, 0.166044, -3.84171e-09)
bones/24/handle_offset = Vector2(0.742529, 0.213601)
bones/24/group = &""
bones/24/require = false
bones/25/bone_name = &"DEF-forearm.L.001"
bones/25/bone_parent = &"DEF-forearm.L"
bones/25/tail_direction = 0
bones/25/reference_pose = Transform3D(1, -2.32831e-07, 1.76951e-07, 2.32831e-07, 1, 1.61119e-07, -1.76951e-07, -1.61119e-07, 1, -2.10013e-07, 0.136053, 2.79397e-09)
bones/25/handle_offset = Vector2(0.806762, 0.256763)
bones/25/group = &""
bones/25/require = false
bones/26/bone_name = &"DEF-hand.L"
bones/26/bone_parent = &"DEF-forearm.L.001"
bones/26/tail_direction = 0
bones/26/reference_pose = Transform3D(0.999504, 0.0314836, 5.81378e-07, -0.0314251, 0.997645, 0.0609643, 0.0019188, -0.0609341, 0.99814, -1.12224e-07, 0.136053, -1.16415e-08)
bones/26/handle_offset = Vector2(0.870995, 0.299925)
bones/26/group = &""
bones/26/require = false
bones/27/bone_name = &"DEF-shoulder.R"
bones/27/bone_parent = &""
bones/27/tail_direction = 0
bones/27/reference_pose = Transform3D(0.636808, -0.758204, 0.140012, -0.0135373, 0.17057, 0.985253, -0.770904, -0.629312, 0.0983561, -0.0171346, 1.50289, 0.0640443)
bones/27/handle_offset = Vector2(0.490163, 0.115559)
bones/27/group = &""
bones/27/require = false
bones/28/bone_name = &"DEF-upper_arm.R"
bones/28/bone_parent = &""
bones/28/tail_direction = 0
bones/28/reference_pose = Transform3D(-0.533911, -0.845537, -0.00246621, 0.831759, -0.524681, -0.18135, 0.152044, -0.0988758, 0.983416, -0.141673, 1.50635, 0.00218613)
bones/28/handle_offset = Vector2(0.418668, 0.113573)
bones/28/group = &""
bones/28/require = false
bones/29/bone_name = &"DEF-upper_arm.R.001"
bones/29/bone_parent = &"DEF-upper_arm.R"
bones/29/tail_direction = 0
bones/29/reference_pose = Transform3D(1, -3.53902e-08, 4.22355e-07, 3.53903e-08, 1, -7.18282e-08, -4.22355e-07, 7.18283e-08, 1, -1.73924e-07, 0.166044, 2.97441e-08)
bones/29/handle_offset = Vector2(0.33807, 0.163587)
bones/29/group = &""
bones/29/require = false
bones/30/bone_name = &"DEF-forearm.R"
bones/30/bone_parent = &"DEF-upper_arm.R.001"
bones/30/tail_direction = 0
bones/30/reference_pose = Transform3D(1, -5.08596e-07, -2.88527e-07, 4.26452e-07, 0.971939, -0.235235, 4.0007e-07, 0.235235, 0.971939, -5.26197e-08, 0.166044, 3.38769e-08)
bones/30/handle_offset = Vector2(0.257471, 0.213601)
bones/30/group = &""
bones/30/require = false
bones/31/bone_name = &"DEF-forearm.R.001"
bones/31/bone_parent = &"DEF-forearm.R"
bones/31/tail_direction = 0
bones/31/reference_pose = Transform3D(1, 4.02331e-07, -3.98606e-07, -4.02331e-07, 1, 9.12697e-08, 3.98606e-07, -9.12695e-08, 1, 1.468e-07, 0.136053, -5.58794e-09)
bones/31/handle_offset = Vector2(0.193238, 0.256763)
bones/31/group = &""
bones/31/require = false
bones/32/bone_name = &"DEF-hand.R"
bones/32/bone_parent = &"DEF-forearm.R.001"
bones/32/tail_direction = 0
bones/32/reference_pose = Transform3D(0.999504, -0.0314831, -1.16345e-06, 0.0314246, 0.997645, 0.0609644, -0.00191819, -0.0609342, 0.99814, 7.61938e-08, 0.136053, -3.72529e-09)
bones/32/handle_offset = Vector2(0.129005, 0.299925)
bones/32/group = &""
bones/32/require = false
bones/33/bone_name = &"DEF-breast.L"
bones/33/bone_parent = &""
bones/33/tail_direction = 0
bones/33/reference_pose = Transform3D(-1, 5.32353e-11, -1.51013e-07, -1.51013e-07, 1.78814e-07, 1, 5.32623e-11, 1, -1.78814e-07, 0.11086, 1.36665, -0.0454115)
bones/33/handle_offset = Vector2(0.563642, 0.193772)
bones/33/group = &""
bones/33/require = false
bones/34/bone_name = &"DEF-breast.R"
bones/34/bone_parent = &""
bones/34/tail_direction = 0
bones/34/reference_pose = Transform3D(-1, 3.60387e-12, -1.51036e-07, -1.51036e-07, 1.78814e-07, 1, 3.63087e-12, 1, -1.78814e-07, -0.11086, 1.36665, -0.0454115)
bones/34/handle_offset = Vector2(0.436357, 0.193772)
bones/34/group = &""
bones/34/require = false
